{
  "advancedEditorSelectedIdentifier" : "ShaderGraphEditorPluginID",
  "openSceneRelativePaths" : [
    "LabEnvironment.usda",
    "Assets\/Lab\/lab.usdc",
    "Assets\/Lab\/Objects\/microscope.usdc",
    "IntroEnvironment.usda"
  ],
  "recentIdentifiers" : {
    "00353439-B084-4161-BDD3-58325B62FD61" : [

    ],
    "085B8DE7-7973-4FC9-A118-90FFC9B739A0" : [

    ],
    "12B1BFDE-D45B-4A19-958C-624E0EE55CAE" : [

    ],
    "1D572CEB-057A-41C3-B575-04C37501A3C0" : [

    ],
    "1E22C6BA-8D6C-4D81-845F-33A2AC36A43E" : [

    ],
    "1EBF1622-190B-43A7-845E-9B82B5A7A908" : [

    ],
    "220C04E5-242E-4BBB-82A0-77AFE2744F74" : [

    ],
    "229A9523-9542-4C66-B562-4EEDE849ABB0" : [

    ],
    "25C36807-02FB-40AE-8F10-A63952F9AAB4" : [

    ],
    "27EC1142-7EFD-4199-B05B-0A02B9BD5594" : [

    ],
    "2B8A7B8A-B0B5-43FA-97F7-177747415A9E" : [

    ],
    "3C484B2E-DEF0-4302-B76F-681C274D34A5" : [

    ],
    "3CD69C7C-DB10-4FEF-95BD-BEF05412DB44" : [

    ],
    "40DE9908-7C57-4F32-BD75-670CF74CF6FB" : [

    ],
    "467612E3-5D16-403A-89F3-1731E54DEF12" : [

    ],
    "47EFE14A-AC88-49F4-BFD7-0E8198EB561A" : [

    ],
    "48F594CF-42BB-42B2-80BA-F5796C487D7E" : [

    ],
    "496045F4-3CA9-4D9E-A417-A818651ADBD3" : [

    ],
    "4A919CF4-92BB-4C05-A306-0CF10509CB94" : [

    ],
    "5A285654-8574-4F5E-8283-AB6C523CABE6" : [

    ],
    "5FE9DC4C-3B69-441C-861D-116BED5D0C64" : [

    ],
    "60FA3AEC-9CFC-46B5-8F0C-FBC195373020" : [

    ],
    "626F18E0-4467-4447-9B6B-1FA5C9A27F7A" : [

    ],
    "6292CAF4-DC11-4C8E-955F-9E33770D38FA" : [

    ],
    "63133FA1-6801-45B1-97F9-DE5D137C9BAC" : [

    ],
    "6A4DE9D6-0C97-4C67-A48F-AF868DD22FA4" : [

    ],
    "6C43F53D-D3EC-4437-8F86-2529DDB36BDB" : [

    ],
    "732BFFA5-2E7F-487C-9F77-96943F1ADC77" : [

    ],
    "7A10AC9D-F4E1-4FB8-A276-43FB7670B088" : [

    ],
    "83842D5C-198A-4726-B5EE-0B6435583B6A" : [

    ],
    "870875AB-DB74-47D5-B013-9D247D53B42B" : [

    ],
    "8CC68D94-F86D-48AF-AF68-A3F1C2918116" : [

    ],
    "8D199E2A-4553-4E4E-B029-36C04D18F8BF" : [

    ],
    "9099671A-9052-4BD8-8987-C708BB55235D" : [

    ],
    "91F8D5E9-2D68-4F9A-98DA-7715F504D7BE" : [

    ],
    "93C1F4B5-B1A0-4E35-82A2-69DC5B4F7E49" : [

    ],
    "9A4ACB1F-1DFA-4CE4-89AA-DE3E4B96F3EF" : [

    ],
    "9D4D6878-9C8E-4DE9-942F-5A91B30E9030" : [

    ],
    "A2548279-DFE4-4531-B168-2F779A16F301" : [

    ],
    "AC1376C1-B192-4224-BA5E-2D696E1137FD" : [

    ],
    "AE533BB1-942B-4D2D-B167-BA29895ECA28" : [

    ],
    "AEA5DE3D-0E82-4D05-A22D-3A0AA6082CC0" : [

    ],
    "AF49E25F-AC15-4878-B4B3-19947607D2F3" : [

    ],
    "B729A84D-5E60-441C-8733-32AE0ED92DB6" : [

    ],
    "B8BBA38F-5728-478A-97D1-25474906954F" : [

    ],
    "BF459A8C-B8F8-4740-B757-D14D38D39C3A" : [

    ],
    "C09454C0-C79D-45A3-A5CE-E960F7B35B3E" : [

    ],
    "C14E0459-BFF4-4EBA-9D94-495E043E98FB" : [

    ],
    "C19F0FF5-A8EA-41E5-959A-CDD158F57AE5" : [

    ],
    "C277ABE1-3BFD-4251-92D5-6A6293F4B3F2" : [

    ],
    "D682774C-E065-431C-902F-AA4439FBEFE7" : [

    ],
    "DA0531A4-CB58-4DB8-A332-3EBC135B5394" : [

    ],
    "DBDB5E53-2FE2-49F3-95A5-06439F2DF05E" : [

    ],
    "E20D5996-7725-4901-B06A-2060E4682C8B" : [

    ],
    "E2AD027D-0D91-4F9B-B113-E36E1C293338" : [

    ],
    "E40EF00E-764B-485A-A28A-506FC4D0F0F5" : [

    ],
    "F0EFCE72-C355-4F3A-81F1-97C028A7FA90" : [

    ],
    "F6113C69-7A5B-4CEA-998E-B732BEEE1A44" : [

    ],
    "F7C7BFF6-0D93-4CBA-8057-D15585DF831F" : [

    ],
    "FC94C881-21AF-4FA0-80B6-39C7B4C75897" : [

    ]
  },
  "sceneCameraHistory" : {
    "12B1BFDE-D45B-4A19-958C-624E0EE55CAE" : [
      {
        "date" : 754258485.397322,
        "title" : "Untitled",
        "transform" : [
          0.9994281,
          -5.188813e-09,
          0.033817146,
          0,
          0.018401396,
          0.8389916,
          -0.5438332,
          0,
          -0.028372306,
          0.54414433,
          0.8385118,
          0,
          -1.2138375,
          4.4215283,
          6.907244,
          1
        ]
      },
      {
        "date" : 754258471.19021,
        "title" : "Untitled",
        "transform" : [
          0.9940788,
          -5.605551e-09,
          0.10866051,
          0,
          0.069725536,
          0.7669704,
          -0.63788295,
          0,
          -0.08333942,
          0.6416823,
          0.76242924,
          0,
          -1.6210384,
          5.134025,
          6.430901,
          1
        ]
      },
      {
        "date" : 754258441.531246,
        "title" : "Untitled",
        "transform" : [
          0.9913588,
          -5.4146696e-09,
          0.13117874,
          0,
          0.07812212,
          0.8033261,
          -0.5903934,
          0,
          -0.1053793,
          0.59553945,
          0.79638433,
          0,
          -1.7804965,
          4.796202,
          6.663757,
          1
        ]
      },
      {
        "date" : 754258438.265157,
        "title" : "Untitled",
        "transform" : [
          0.9995524,
          -1.0111092e-09,
          -0.029916791,
          0,
          -0.029284252,
          0.20454754,
          -0.9784185,
          0,
          0.0061194105,
          0.9788566,
          0.2044561,
          0,
          -0.9544605,
          7.701033,
          2.5499663,
          1
        ]
      },
      {
        "date" : 754258329.478276,
        "title" : "Untitled",
        "transform" : [
          0.99945027,
          -1.0510739e-09,
          0.033154123,
          0,
          0.017440815,
          0.8504518,
          -0.5257637,
          0,
          -0.02819598,
          0.52605283,
          0.8499843,
          0,
          -1.2541168,
          3.714931,
          6.733717,
          1
        ]
      },
      {
        "date" : 754258326.882616,
        "title" : "Untitled",
        "transform" : [
          0.99945027,
          -1.0510739e-09,
          0.033154123,
          0,
          0.017440815,
          0.8504518,
          -0.5257637,
          0,
          -0.02819598,
          0.52605283,
          0.8499843,
          0,
          -0.105318904,
          5.9987974,
          5.3583465,
          1
        ]
      },
      {
        "date" : 754258165.661129,
        "title" : "Untitled",
        "transform" : [
          0.99969345,
          -7.209843e-11,
          -0.024757862,
          0,
          -0.024372643,
          0.17571944,
          -0.98413855,
          0,
          0.004350442,
          0.98444027,
          0.1756656,
          0,
          0.023020804,
          6.5107274,
          0.33493507,
          1
        ]
      },
      {
        "date" : 754258160.375607,
        "title" : "Untitled",
        "transform" : [
          0.9998197,
          7.536898e-10,
          -0.018983778,
          0,
          -0.009600166,
          0.8627072,
          -0.5056123,
          0,
          0.016377447,
          0.50570345,
          0.8625518,
          0,
          0.13313049,
          4.0511174,
          4.3390493,
          1
        ]
      },
      {
        "date" : 754258151.593718,
        "title" : "Untitled",
        "transform" : [
          0.9999882,
          2.4581448e-11,
          -0.004848648,
          0,
          -0.0048430883,
          0.047870863,
          -0.9988417,
          0,
          0.00023210901,
          0.9988535,
          0.047870353,
          0,
          0.05175495,
          6.48428,
          0.1755082,
          1
        ]
      },
      {
        "date" : 754258149.866411,
        "title" : "Untitled",
        "transform" : [
          0.9999882,
          2.4581448e-11,
          -0.004848648,
          0,
          -0.0048430883,
          0.047870863,
          -0.9988417,
          0,
          0.00023210904,
          0.9988536,
          0.04787036,
          0,
          0.066147804,
          6.499966,
          -0.15185815,
          1
        ]
      }
    ],
    "1D572CEB-057A-41C3-B575-04C37501A3C0" : [
      {
        "date" : 754181921.961102,
        "title" : "Untitled",
        "transform" : [
          0.99585485,
          1.9954836e-09,
          0.09095718,
          0,
          0.025255002,
          0.96068,
          -0.27650708,
          0,
          -0.08738075,
          0.27765805,
          0.95669776,
          0,
          0.32849646,
          2.0215478,
          1.4880128,
          1
        ]
      },
      {
        "date" : 754181917.010544,
        "title" : "Untitled",
        "transform" : [
          0.99585485,
          1.9954836e-09,
          0.09095718,
          0,
          0.025255002,
          0.96068,
          -0.27650708,
          0,
          -0.08738075,
          0.27765805,
          0.95669776,
          0,
          0.7778249,
          1.7528127,
          1.6070464,
          1
        ]
      },
      {
        "date" : 754181912.244242,
        "title" : "Untitled",
        "transform" : [
          0.9395801,
          1.6762207e-09,
          0.34232908,
          0,
          0.1194952,
          0.93709844,
          -0.32797477,
          0,
          -0.32079607,
          0.3490653,
          0.8804791,
          0,
          -0.59682405,
          2.153633,
          1.4671137,
          1
        ]
      },
      {
        "date" : 754181894.736458,
        "title" : "Untitled",
        "transform" : [
          0.99891615,
          5.545696e-10,
          0.04654588,
          0,
          0.013437841,
          0.95741934,
          -0.28838807,
          0,
          -0.044563923,
          0.288701,
          0.9563817,
          0,
          0.40790898,
          1.9365734,
          1.6829755,
          1
        ]
      },
      {
        "date" : 754000231.605645,
        "title" : "Untitled",
        "transform" : [
          0.99891615,
          5.545696e-10,
          0.04654588,
          0,
          0.013437841,
          0.95741934,
          -0.28838807,
          0,
          -0.044563923,
          0.288701,
          0.9563817,
          0,
          -0.17308909,
          1.8135018,
          -0.41950083,
          1
        ]
      },
      {
        "date" : 754000228.969316,
        "title" : "Untitled",
        "transform" : [
          0.99891615,
          1.0202309e-09,
          0.04654588,
          0,
          0.01343784,
          0.95741934,
          -0.28838807,
          0,
          -0.044563923,
          0.288701,
          0.9563817,
          0,
          -0.51024634,
          1.5478224,
          -1.5475029,
          1
        ]
      },
      {
        "date" : 753991286.750792,
        "title" : "Untitled",
        "transform" : [
          0.99891615,
          2.745367e-09,
          0.046545886,
          0,
          0.013437844,
          0.95741934,
          -0.2883881,
          0,
          -0.044563916,
          0.28870106,
          0.9563816,
          0,
          0.37164867,
          2.304093,
          1.1674486,
          1
        ]
      },
      {
        "date" : 753991282.952562,
        "title" : "Untitled",
        "transform" : [
          0.99891615,
          2.745367e-09,
          0.046545886,
          0,
          0.013437844,
          0.95741934,
          -0.2883881,
          0,
          -0.044563916,
          0.28870106,
          0.9563816,
          0,
          -1.0694045,
          11.331973,
          31.115986,
          1
        ]
      },
      {
        "date" : 753991281.001581,
        "title" : "Untitled",
        "transform" : [
          0.99672586,
          3.480011e-09,
          0.08085268,
          0,
          -0.06763591,
          0.5479173,
          0.83379364,
          0,
          -0.04430058,
          -0.83653235,
          0.54612345,
          0,
          -1.0591943,
          -27.034817,
          17.108236,
          1
        ]
      },
      {
        "date" : 753991279.132342,
        "title" : "Untitled",
        "transform" : [
          0.9937133,
          4.6508175e-09,
          0.11195445,
          0,
          0.04036545,
          0.93273896,
          -0.35828578,
          0,
          -0.104424275,
          0.36055246,
          0.9268751,
          0,
          -5.359513,
          21.431496,
          49.790924,
          1
        ]
      }
    ],
    "1EBF1622-190B-43A7-845E-9B82B5A7A908" : [
      {
        "date" : 754911884.490605,
        "title" : "Untitled",
        "transform" : [
          -0.23207757,
          -4.3309743e-08,
          0.97269726,
          0,
          0.042148326,
          0.99906075,
          0.010056316,
          0,
          -0.9717837,
          0.043331243,
          -0.23185964,
          0,
          -1.09189,
          0.015443299,
          -0.16966966,
          1
        ]
      },
      {
        "date" : 754911880.356757,
        "title" : "Untitled",
        "transform" : [
          -0.4576543,
          -4.6269164e-08,
          0.88913023,
          0,
          0.038587783,
          0.99905777,
          0.019862054,
          0,
          -0.88829243,
          0.043399327,
          -0.45722315,
          0,
          -0.8979517,
          0.01211265,
          -0.37558922,
          1
        ]
      },
      {
        "date" : 754911792.073399,
        "title" : "Untitled",
        "transform" : [
          -0.026213717,
          -4.4944755e-08,
          0.9996564,
          0,
          0.29996926,
          0.95391643,
          0.0078660725,
          0,
          -0.95358866,
          0.3000722,
          -0.025005728,
          0,
          -0.9359035,
          0.26241365,
          0.05248827,
          1
        ]
      },
      {
        "date" : 754911689.908794,
        "title" : "Untitled",
        "transform" : [
          -0.31197706,
          -4.493807e-08,
          0.95008963,
          0,
          0.27090037,
          0.9584884,
          0.088954516,
          0,
          -0.91064996,
          0.28513125,
          -0.29902646,
          0,
          -0.9153899,
          0.24778524,
          -0.21953392,
          1
        ]
      },
      {
        "date" : 754911622.158587,
        "title" : "Untitled",
        "transform" : [
          0.6607879,
          -4.5456176e-08,
          0.7505727,
          0,
          0.038278606,
          0.99869865,
          -0.033699565,
          0,
          -0.74959594,
          0.050999,
          0.65992796,
          0,
          -1.2211832,
          0.056497935,
          1.1776963,
          1
        ]
      },
      {
        "date" : 754911618.959597,
        "title" : "Untitled",
        "transform" : [
          -0.25050858,
          -6.070475e-08,
          0.9681144,
          0,
          0.6431153,
          0.7474689,
          0.16641209,
          0,
          -0.72363544,
          0.6642967,
          -0.18724738,
          0,
          -1.0986183,
          1.0035343,
          -0.15017568,
          1
        ]
      },
      {
        "date" : 754911613.958021,
        "title" : "Untitled",
        "transform" : [
          -0.36919644,
          -6.071924e-08,
          0.92935133,
          0,
          0.61862624,
          0.74626076,
          0.24575706,
          0,
          -0.6935385,
          0.6656537,
          -0.27551684,
          0,
          -1.0393865,
          1.005644,
          -0.28334168,
          1
        ]
      },
      {
        "date" : 754911612.491996,
        "title" : "Untitled",
        "transform" : [
          -0.36919644,
          -6.071924e-08,
          0.92935133,
          0,
          0.61862624,
          0.74626076,
          0.24575706,
          0,
          -0.6935385,
          0.6656537,
          -0.27551684,
          0,
          -2.6252954,
          2.540068,
          -1.0861573,
          1
        ]
      },
      {
        "date" : 754911604.728138,
        "title" : "Untitled",
        "transform" : [
          -0.37441352,
          -6.0508405e-08,
          0.92726177,
          0,
          0.46256295,
          0.8666894,
          0.18677561,
          0,
          -0.80364794,
          0.49884823,
          -0.32450023,
          0,
          -3.042277,
          1.886607,
          -1.2722934,
          1
        ]
      },
      {
        "date" : 754911458.704154,
        "title" : "Untitled",
        "transform" : [
          -0.37441352,
          3.4840655e-09,
          0.9272618,
          0,
          0.24897137,
          0.9632792,
          0.10053067,
          0,
          -0.8932121,
          0.2685016,
          -0.36066476,
          0,
          -1.0923058,
          0.26515874,
          -0.43203342,
          1
        ]
      }
    ],
    "220C04E5-242E-4BBB-82A0-77AFE2744F74" : [
      {
        "date" : 754211252.978537,
        "title" : "Untitled",
        "transform" : [
          0.99890435,
          -7.3211304e-10,
          0.046798542,
          0,
          0.02066265,
          0.8972497,
          -0.44103962,
          0,
          -0.041989982,
          0.44152337,
          0.8962667,
          0,
          -0.14112367,
          3.901009,
          6.5212073,
          1
        ]
      },
      {
        "date" : 754211246.755732,
        "title" : "Untitled",
        "transform" : [
          0.9999997,
          0,
          -0.00073242193,
          0,
          -0.00051790045,
          0.7071068,
          -0.70710653,
          0,
          0.00051790057,
          0.70710677,
          0.7071067,
          0,
          0.0032800918,
          4.4784184,
          4.478418,
          1
        ]
      },
      {
        "date" : 754211242.69518,
        "title" : "Untitled",
        "transform" : [
          1,
          0,
          0,
          0,
          0,
          0.7071069,
          -0.70710677,
          0,
          0,
          0.70710677,
          0.7071069,
          0,
          0,
          17.350294,
          17.350298,
          1
        ]
      }
    ],
    "25C36807-02FB-40AE-8F10-A63952F9AAB4" : [
      {
        "date" : 754352550.306726,
        "title" : "Untitled",
        "transform" : [
          0.07763416,
          -3.380278e-10,
          0.9969819,
          0,
          -0.22943638,
          0.97315973,
          0.017866023,
          0,
          -0.97022265,
          -0.23013094,
          0.07555044,
          0,
          -1.2586677,
          -0.45631975,
          0.10897373,
          1
        ]
      },
      {
        "date" : 754352545.01423,
        "title" : "Untitled",
        "transform" : [
          0.3462027,
          -1.4931645e-08,
          0.9381597,
          0,
          0.04995436,
          0.99858135,
          -0.018434308,
          0,
          -0.9368288,
          0.053247195,
          0.3457115,
          0,
          -1.2586677,
          -0.45631975,
          0.10897373,
          1
        ]
      },
      {
        "date" : 754352540.106645,
        "title" : "Untitled",
        "transform" : [
          0.60103005,
          -1.3451995e-08,
          0.7992264,
          0,
          -0.23306808,
          0.95653504,
          0.17527066,
          0,
          -0.76448816,
          -0.29161713,
          0.5749063,
          0,
          -0.9528449,
          -0.81018144,
          0.2738243,
          1
        ]
      },
      {
        "date" : 754262662.309852,
        "title" : "Untitled",
        "transform" : [
          0.99865896,
          4.1391672e-09,
          0.051770303,
          0,
          0.025692549,
          0.86816275,
          -0.4956142,
          0,
          -0.04494505,
          0.49627963,
          0.8669985,
          0,
          -0.043382112,
          0.48183534,
          0.83880895,
          1
        ]
      },
      {
        "date" : 754254965.638664,
        "title" : "Untitled",
        "transform" : [
          0.99865896,
          4.1391672e-09,
          0.051770303,
          0,
          0.025692549,
          0.86816275,
          -0.4956142,
          0,
          -0.04494505,
          0.49627963,
          0.8669985,
          0,
          -0.1381921,
          1.5348687,
          2.6719947,
          1
        ]
      },
      {
        "date" : 754003369.460466,
        "title" : "Untitled",
        "transform" : [
          0.9986591,
          3.0245497e-09,
          0.0517703,
          0,
          0.025680719,
          0.8682932,
          -0.49538603,
          0,
          -0.044951808,
          0.49605122,
          0.8671289,
          0,
          -0.13522491,
          1.5012528,
          2.6147432,
          1
        ]
      },
      {
        "date" : 753990114.576168,
        "title" : "Untitled",
        "transform" : [
          0.9986591,
          -4.760932e-10,
          0.0517703,
          0,
          0.02200609,
          0.90515965,
          -0.42450184,
          0,
          -0.04686038,
          0.4250719,
          0.9039458,
          0,
          -0.12119499,
          1.0993633,
          2.337875,
          1
        ]
      }
    ],
    "3B5A01E3-A014-48CE-B941-067CFD3D66B9" : [
      {
        "date" : 754265494.413426,
        "title" : "Untitled",
        "transform" : [
          1,
          0,
          0,
          0,
          0,
          0.7071069,
          -0.70710677,
          0,
          0,
          0.70710677,
          0.7071069,
          0,
          0,
          70.710686,
          70.710686,
          1
        ]
      }
    ],
    "3C484B2E-DEF0-4302-B76F-681C274D34A5" : [
      {
        "date" : 754912459.728928,
        "title" : "Untitled",
        "transform" : [
          0.20670697,
          -4.3482737e-09,
          0.97840285,
          0,
          0.000103257255,
          1,
          -2.1812348e-05,
          0,
          -0.978403,
          0.00010554368,
          0.20670697,
          0,
          -0.73266435,
          -0.0024609189,
          -0.037942205,
          1
        ]
      },
      {
        "date" : 754912291.874227,
        "title" : "Untitled",
        "transform" : [
          0.20670697,
          -4.3482737e-09,
          0.97840285,
          0,
          0.000103257255,
          1,
          -2.1812348e-05,
          0,
          -0.978403,
          0.00010554368,
          0.20670697,
          0,
          -1.1468614,
          -0.0038521502,
          -0.059392072,
          1
        ]
      },
      {
        "date" : 754912284.936323,
        "title" : "Untitled",
        "transform" : [
          0.20670697,
          -4.3482737e-09,
          0.97840285,
          0,
          0.000103257255,
          1,
          -2.1812348e-05,
          0,
          -0.978403,
          0.00010554368,
          0.20670697,
          0,
          -0.9040006,
          -0.0018357434,
          -0.0495449,
          1
        ]
      },
      {
        "date" : 754912281.471874,
        "title" : "Untitled",
        "transform" : [
          0.20500474,
          -4.3482737e-09,
          0.97876096,
          0,
          0.000103295046,
          1,
          -2.1632699e-05,
          0,
          -0.9787611,
          0.00010554368,
          0.20500472,
          0,
          -0.46906406,
          -0.00095261517,
          -0.026526121,
          1
        ]
      },
      {
        "date" : 754911909.240306,
        "title" : "Untitled",
        "transform" : [
          0.20439236,
          -4.3482737e-09,
          0.978889,
          0,
          0.00010330856,
          1,
          -2.1568072e-05,
          0,
          -0.9788891,
          0.00010554368,
          0.20439236,
          0,
          -1.0966799,
          -0.00222731,
          -0.06270684,
          1
        ]
      },
      {
        "date" : 754412793.884042,
        "title" : "Untitled",
        "transform" : [
          0.20439236,
          -4.3482737e-09,
          0.978889,
          0,
          0.00010330856,
          1,
          -2.1568072e-05,
          0,
          -0.9788891,
          0.00010554368,
          0.20439236,
          0,
          -1.1207823,
          0.039753612,
          -0.17816086,
          1
        ]
      },
      {
        "date" : 754352487.284118,
        "title" : "Untitled",
        "transform" : [
          0.20439236,
          -4.3482737e-09,
          0.978889,
          0,
          0.00010330856,
          1,
          -2.1568072e-05,
          0,
          -0.9788891,
          0.00010554368,
          0.20439236,
          0,
          -0.8024274,
          0.030035853,
          -0.13111591,
          1
        ]
      },
      {
        "date" : 754352484.864806,
        "title" : "Untitled",
        "transform" : [
          1,
          0,
          0,
          0,
          0,
          0.7071069,
          -0.7071067,
          0,
          0,
          0.7071067,
          0.7071069,
          0,
          -0.26022083,
          0.46164006,
          0.24391167,
          1
        ]
      }
    ],
    "3CD69C7C-DB10-4FEF-95BD-BEF05412DB44" : [
      {
        "date" : 754623542.343433,
        "title" : "Untitled",
        "transform" : [
          0.99831367,
          -6.331735e-11,
          0.058052253,
          0,
          0.032661248,
          0.82671696,
          -0.56166935,
          0,
          -0.04799278,
          0.5626182,
          0.82532275,
          0,
          -0.049730442,
          0.5829888,
          0.85520506,
          1
        ]
      },
      {
        "date" : 754623531.32767,
        "title" : "Untitled",
        "transform" : [
          0.9998327,
          -4.2399623e-10,
          0.018296456,
          0,
          0.018285312,
          0.03489963,
          -0.9992236,
          0,
          -0.0006385406,
          0.9993909,
          0.034893766,
          0,
          -0.00066165946,
          1.0355756,
          0.036157165,
          1
        ]
      },
      {
        "date" : 754623529.34408,
        "title" : "Untitled",
        "transform" : [
          0.9998327,
          -4.2399628e-10,
          0.018296456,
          0,
          0.018285312,
          0.03489957,
          -0.9992236,
          0,
          -0.0006385395,
          0.9993909,
          0.034893706,
          0,
          -0.001651453,
          2.5847244,
          0.090245605,
          1
        ]
      }
    ],
    "496045F4-3CA9-4D9E-A417-A818651ADBD3" : [
      {
        "date" : 754255731.397411,
        "title" : "Untitled",
        "transform" : [
          0.9998891,
          -1.2584889e-10,
          0.014896661,
          0,
          0.006032599,
          0.9143329,
          -0.40491843,
          0,
          -0.013620502,
          0.40496328,
          0.91423154,
          0,
          -0.012905538,
          1.9308385,
          3.0527694,
          1
        ]
      },
      {
        "date" : 754255728.462935,
        "title" : "Untitled",
        "transform" : [
          0.9998891,
          -1.2584889e-10,
          0.014896661,
          0,
          0.006032599,
          0.9143329,
          -0.40491843,
          0,
          -0.013620502,
          0.40496328,
          0.91423154,
          0,
          -0.024616778,
          1.9254962,
          3.0549612,
          1
        ]
      },
      {
        "date" : 754255720.830352,
        "title" : "Untitled",
        "transform" : [
          0.9998891,
          -1.2584889e-10,
          0.014896661,
          0,
          0.006032599,
          0.9143329,
          -0.40491843,
          0,
          -0.013620502,
          0.40496328,
          0.91423154,
          0,
          -0.012735367,
          1.9416474,
          3.0479832,
          1
        ]
      },
      {
        "date" : 754255676.534576,
        "title" : "Untitled",
        "transform" : [
          0.9998891,
          -1.2584889e-10,
          0.014896661,
          0,
          0.006032599,
          0.9143329,
          -0.40491843,
          0,
          -0.013620502,
          0.40496328,
          0.91423154,
          0,
          -0.03558874,
          1.8157686,
          3.103401,
          1
        ]
      },
      {
        "date" : 754255657.247223,
        "title" : "Untitled",
        "transform" : [
          1,
          0,
          0,
          0,
          0,
          0.7071069,
          -0.7071067,
          0,
          0,
          0.7071067,
          0.7071069,
          0,
          -0.004140258,
          2.4569726,
          2.3224003,
          1
        ]
      },
      {
        "date" : 754255311.460887,
        "title" : "Untitled",
        "transform" : [
          1,
          0,
          0,
          0,
          0,
          0.7071069,
          -0.7071067,
          0,
          0,
          0.7071067,
          0.7071069,
          0,
          -0.004140258,
          1.779454,
          1.6448818,
          1
        ]
      },
      {
        "date" : 754255308.872999,
        "title" : "Untitled",
        "transform" : [
          1,
          0,
          0,
          0,
          0,
          0.7071069,
          -0.7071067,
          0,
          0,
          0.7071067,
          0.7071069,
          0,
          -1.6634588,
          1.7121674,
          1.712168,
          1
        ]
      },
      {
        "date" : 754255277.352523,
        "title" : "Untitled",
        "transform" : [
          1,
          0,
          0,
          0,
          0,
          0.7071069,
          -0.7071067,
          0,
          0,
          0.7071067,
          0.7071069,
          0,
          -0.9999999,
          1.2856722,
          1.2856725,
          1
        ]
      },
      {
        "date" : 754255270.802654,
        "title" : "Untitled",
        "transform" : [
          1,
          0,
          0,
          0,
          0,
          0.7071069,
          -0.7071067,
          0,
          0,
          0.7071067,
          0.7071069,
          0,
          -0.99999994,
          0.41879946,
          0.41879958,
          1
        ]
      },
      {
        "date" : 754255251.098415,
        "title" : "Untitled",
        "transform" : [
          1,
          0,
          -0,
          0,
          -0,
          0.7071069,
          -0.7071067,
          0,
          0,
          0.7071067,
          0.7071069,
          0,
          -0.99999994,
          0.12209344,
          0.1220935,
          1
        ]
      }
    ],
    "5A285654-8574-4F5E-8283-AB6C523CABE6" : [
      {
        "date" : 755022399.391429,
        "title" : "Untitled",
        "transform" : [
          0.5686667,
          2.2305223e-08,
          0.8225681,
          0,
          0.24192628,
          0.9557714,
          -0.16725111,
          0,
          -0.7861871,
          0.29411095,
          0.5435152,
          0,
          -4.483174,
          1.4293697,
          4.0691953,
          1
        ]
      },
      {
        "date" : 755022363.279112,
        "title" : "Untitled",
        "transform" : [
          0.41790608,
          2.3295085e-08,
          0.90849024,
          0,
          0.21371844,
          0.971936,
          -0.09831066,
          0,
          -0.88299435,
          0.23524575,
          0.4061779,
          0,
          -5.1881995,
          1.0605056,
          3.2646906,
          1
        ]
      },
      {
        "date" : 755022356.360672,
        "title" : "Untitled",
        "transform" : [
          0.63545775,
          1.0766595e-08,
          0.7721357,
          0,
          0.49700317,
          0.7653004,
          -0.40902725,
          0,
          -0.5909157,
          0.64367336,
          0.486316,
          0,
          -11.458252,
          12.58728,
          12.985687,
          1
        ]
      },
      {
        "date" : 755022354.866163,
        "title" : "Untitled",
        "transform" : [
          0.63545763,
          -2.4902262e-09,
          0.7721357,
          0,
          0.49700323,
          0.7653003,
          -0.4090272,
          0,
          -0.5909157,
          0.6436735,
          0.4863159,
          0,
          -562.4773,
          583.5846,
          294.42557,
          1
        ]
      },
      {
        "date" : 755021993.82451,
        "title" : "Untitled",
        "transform" : [
          0.63545763,
          -2.4902262e-09,
          0.7721357,
          0,
          0.49700323,
          0.7653003,
          -0.4090272,
          0,
          -0.5909157,
          0.6436735,
          0.4863159,
          0,
          -564.8782,
          586.0756,
          295.68228,
          1
        ]
      },
      {
        "date" : 755021985.908967,
        "title" : "Untitled",
        "transform" : [
          0.63545763,
          -2.4902262e-09,
          0.7721357,
          0,
          0.49700323,
          0.7653003,
          -0.4090272,
          0,
          -0.5909157,
          0.6436735,
          0.4863159,
          0,
          -6.09242,
          6.3210425,
          3.1890428,
          1
        ]
      },
      {
        "date" : 755021977.259238,
        "title" : "Untitled",
        "transform" : [
          0.54276925,
          -9.465643e-09,
          0.83988184,
          0,
          0.35840356,
          0.9043786,
          -0.23161645,
          0,
          -0.7595712,
          0.42673102,
          0.49086893,
          0,
          -7.4816117,
          4.3302894,
          3.1804717,
          1
        ]
      },
      {
        "date" : 755021973.758276,
        "title" : "Untitled",
        "transform" : [
          0.54276925,
          -9.465643e-09,
          0.83988184,
          0,
          0.35840356,
          0.9043786,
          -0.23161645,
          0,
          -0.7595712,
          0.42673102,
          0.49086893,
          0,
          -5.0808897,
          2.9407732,
          2.1599123,
          1
        ]
      },
      {
        "date" : 755003690.865568,
        "title" : "Untitled",
        "transform" : [
          0.60700774,
          -9.8744e-09,
          0.7946959,
          0,
          0.35131395,
          0.89697886,
          -0.268342,
          0,
          -0.7128254,
          0.4420735,
          0.5444731,
          0,
          -4.8552794,
          3.0330014,
          2.5211058,
          1
        ]
      },
      {
        "date" : 755003679.581006,
        "title" : "Untitled",
        "transform" : [
          1,
          0,
          0,
          0,
          0,
          0.7071069,
          -0.70710677,
          0,
          0,
          0.70710677,
          0.7071069,
          0,
          0,
          13.78917,
          13.789172,
          1
        ]
      }
    ],
    "5FE9DC4C-3B69-441C-861D-116BED5D0C64" : [
      {
        "date" : 755022767.414721,
        "title" : "Untitled",
        "transform" : [
          -0.85621333,
          8.662724e-10,
          -0.5166224,
          0,
          -0.3096487,
          0.8004711,
          0.51318973,
          0,
          0.41354132,
          0.5993714,
          -0.6853741,
          0,
          0.3727847,
          0.71759135,
          -0.6180642,
          1
        ]
      },
      {
        "date" : 755022761.423198,
        "title" : "Untitled",
        "transform" : [
          1,
          0,
          -0,
          0,
          -0,
          0.7071069,
          -0.7071067,
          0,
          0,
          0.7071067,
          0.7071069,
          0,
          0.00012260675,
          0.81293607,
          0.6124084,
          1
        ]
      }
    ],
    "626F18E0-4467-4447-9B6B-1FA5C9A27F7A" : [
      {
        "date" : 754747688.36316,
        "title" : "Untitled",
        "transform" : [
          -0.89460725,
          1.2208055e-08,
          -0.4468534,
          0,
          -0.25710142,
          0.8179005,
          0.5147209,
          0,
          0.3654817,
          0.5753597,
          -0.7316997,
          0,
          0.9452453,
          1.4880528,
          -1.892395,
          1
        ]
      }
    ],
    "6A4DE9D6-0C97-4C67-A48F-AF868DD22FA4" : [
      {
        "date" : 754677494.997031,
        "title" : "Untitled",
        "transform" : [
          0.90162164,
          -4.9290216e-09,
          -0.4325256,
          0,
          -0.1181469,
          0.9619698,
          -0.2462832,
          0,
          0.41607657,
          0.27315584,
          0.86733276,
          0,
          3.6067631,
          1.1415389,
          -2.2142878,
          1
        ]
      },
      {
        "date" : 754677485.347218,
        "title" : "Untitled",
        "transform" : [
          0.89926547,
          -4.9290216e-09,
          -0.4374032,
          0,
          -0.11947924,
          0.9619698,
          -0.2456396,
          0,
          0.42076868,
          0.27315584,
          0.86506623,
          0,
          3.0246446,
          1.0340173,
          -3.4283018,
          1
        ]
      },
      {
        "date" : 754676876.096077,
        "title" : "Untitled",
        "transform" : [
          0.8992654,
          2.898286e-09,
          -0.4374032,
          0,
          -0.11947918,
          0.96196973,
          -0.24563962,
          0,
          0.4207687,
          0.27315587,
          0.86506623,
          0,
          3.9823499,
          3.213228,
          8.811709,
          1
        ]
      },
      {
        "date" : 754676492.536719,
        "title" : "Untitled",
        "transform" : [
          0.9973536,
          3.0427938e-09,
          0.072702505,
          0,
          0.01812039,
          0.968442,
          -0.24857973,
          0,
          -0.070408195,
          0.24923933,
          0.96587914,
          0,
          -0.9806692,
          2.9727688,
          9.696963,
          1
        ]
      },
      {
        "date" : 754676484.936699,
        "title" : "Untitled",
        "transform" : [
          0.99308443,
          3.0476268e-09,
          -0.11740204,
          0,
          -0.031817544,
          0.96257544,
          -0.26913995,
          0,
          0.11300828,
          0.2710142,
          0.9559187,
          0,
          0.864448,
          3.1917074,
          9.638251,
          1
        ]
      },
      {
        "date" : 754676450.035092,
        "title" : "Untitled",
        "transform" : [
          0.9999958,
          3.1271317e-09,
          -0.0029046664,
          0,
          -0.00084499805,
          0.9567427,
          -0.29093385,
          0,
          0.0027789995,
          0.29093513,
          0.95673865,
          0,
          -0.24518052,
          3.3917956,
          9.605506,
          1
        ]
      },
      {
        "date" : 754676444.534878,
        "title" : "Untitled",
        "transform" : [
          0.9998885,
          3.1154468e-09,
          0.014939174,
          0,
          0.005625422,
          0.9263961,
          -0.37650836,
          0,
          -0.013839609,
          0.37655044,
          0.92629266,
          0,
          -0.411347,
          4.2493453,
          9.252242,
          1
        ]
      },
      {
        "date" : 754676440.602572,
        "title" : "Untitled",
        "transform" : [
          0.9999994,
          3.1154468e-09,
          -0.001158294,
          0,
          -0.00043608528,
          0.9263961,
          -0.37655014,
          0,
          0.0010730202,
          0.37655044,
          0.9263954,
          0,
          -0.40032315,
          6.4839473,
          14.125991,
          1
        ]
      },
      {
        "date" : 754676311.402028,
        "title" : "Untitled",
        "transform" : [
          0.98737,
          3.1195904e-09,
          -0.15843174,
          0,
          -0.043269556,
          0.9619823,
          -0.2696627,
          0,
