{
  "advancedEditorSelectedIdentifier" : "ProjectBrowser",
  "openSceneRelativePaths" : [
    "CancerCell-spawn.usda",
    "Assets\/CancerCell\/cancerCell_complex.usd"
  ],
  "recentIdentifiers" : {
    "12B1BFDE-D45B-4A19-958C-624E0EE55CAE" : [

    ],
    "1D572CEB-057A-41C3-B575-04C37501A3C0" : [

    ],
    "1EBF1622-190B-43A7-845E-9B82B5A7A908" : [

    ],
    "220C04E5-242E-4BBB-82A0-77AFE2744F74" : [

    ],
    "25C36807-02FB-40AE-8F10-A63952F9AAB4" : [

    ],
    "3C484B2E-DEF0-4302-B76F-681C274D34A5" : [

    ],
    "3CD69C7C-DB10-4FEF-95BD-BEF05412DB44" : [

    ],
    "496045F4-3CA9-4D9E-A417-A818651ADBD3" : [

    ],
    "6A4DE9D6-0C97-4C67-A48F-AF868DD22FA4" : [

    ],
    "E2AD027D-0D91-4F9B-B113-E36E1C293338" : [

    ]
  },
  "sceneCameraHistory" : {
    "12B1BFDE-D45B-4A19-958C-624E0EE55CAE" : [
      {
        "date" : 754258485.397322,
        "title" : "Untitled",
        "transform" : [
          0.9994281,
          -5.188813e-09,
          0.033817146,
          0,
          0.018401396,
          0.8389916,
          -0.5438332,
          0,
          -0.028372306,
          0.54414433,
          0.8385118,
          0,
          -1.2138375,
          4.4215283,
          6.907244,
          1
        ]
      },
      {
        "date" : 754258471.19021,
        "title" : "Untitled",
        "transform" : [
          0.9940788,
          -5.605551e-09,
          0.10866051,
          0,
          0.069725536,
          0.7669704,
          -0.63788295,
          0,
          -0.08333942,
          0.6416823,
          0.76242924,
          0,
          -1.6210384,
          5.134025,
          6.430901,
          1
        ]
      },
      {
        "date" : 754258441.531246,
        "title" : "Untitled",
        "transform" : [
          0.9913588,
          -5.4146696e-09,
          0.13117874,
          0,
          0.07812212,
          0.8033261,
          -0.5903934,
          0,
          -0.1053793,
          0.59553945,
          0.79638433,
          0,
          -1.7804965,
          4.796202,
          6.663757,
          1
        ]
      },
      {
        "date" : 754258438.265157,
        "title" : "Untitled",
        "transform" : [
          0.9995524,
          -1.0111092e-09,
          -0.029916791,
          0,
          -0.029284252,
          0.20454754,
          -0.9784185,
          0,
          0.0061194105,
          0.9788566,
          0.2044561,
          0,
          -0.9544605,
          7.701033,
          2.5499663,
          1
        ]
      },
      {
        "date" : 754258329.478276,
        "title" : "Untitled",
        "transform" : [
          0.99945027,
          -1.0510739e-09,
          0.033154123,
          0,
          0.017440815,
          0.8504518,
          -0.5257637,
          0,
          -0.02819598,
          0.52605283,
          0.8499843,
          0,
          -1.2541168,
          3.714931,
          6.733717,
          1
        ]
      },
      {
        "date" : 754258326.882616,
        "title" : "Untitled",
        "transform" : [
          0.99945027,
          -1.0510739e-09,
          0.033154123,
          0,
          0.017440815,
          0.8504518,
          -0.5257637,
          0,
          -0.02819598,
          0.52605283,
          0.8499843,
          0,
          -0.105318904,
          5.9987974,
          5.3583465,
          1
        ]
      },
      {
        "date" : 754258165.661129,
        "title" : "Untitled",
        "transform" : [
          0.99969345,
          -7.209843e-11,
          -0.024757862,
          0,
          -0.024372643,
          0.17571944,
          -0.98413855,
          0,
          0.004350442,
          0.98444027,
          0.1756656,
          0,
          0.023020804,
          6.5107274,
          0.33493507,
          1
        ]
      },
      {
        "date" : 754258160.375607,
        "title" : "Untitled",
        "transform" : [
          0.9998197,
          7.536898e-10,
          -0.018983778,
          0,
          -0.009600166,
          0.8627072,
          -0.5056123,
          0,
          0.016377447,
          0.50570345,
          0.8625518,
          0,
          0.13313049,
          4.0511174,
          4.3390493,
          1
        ]
      },
      {
        "date" : 754258151.593718,
        "title" : "Untitled",
        "transform" : [
          0.9999882,
          2.4581448e-11,
          -0.004848648,
          0,
          -0.0048430883,
          0.047870863,
          -0.9988417,
          0,
          0.00023210901,
          0.9988535,
          0.047870353,
          0,
          0.05175495,
          6.48428,
          0.1755082,
          1
        ]
      },
      {
        "date" : 754258149.866411,
        "title" : "Untitled",
        "transform" : [
          0.9999882,
          2.4581448e-11,
          -0.004848648,
          0,
          -0.0048430883,
          0.047870863,
          -0.9988417,
          0,
          0.00023210904,
          0.9988536,
          0.04787036,
          0,
          0.066147804,
          6.499966,
          -0.15185815,
          1
        ]
      }
    ],
    "1D572CEB-057A-41C3-B575-04C37501A3C0" : [
      {
        "date" : 754181921.961102,
        "title" : "Untitled",
        "transform" : [
          0.99585485,
          1.9954836e-09,
          0.09095718,
          0,
          0.025255002,
          0.96068,
          -0.27650708,
          0,
          -0.08738075,
          0.27765805,
          0.95669776,
          0,
          0.32849646,
          2.0215478,
          1.4880128,
          1
        ]
      },
      {
        "date" : 754181917.010544,
        "title" : "Untitled",
        "transform" : [
          0.99585485,
          1.9954836e-09,
          0.09095718,
          0,
          0.025255002,
          0.96068,
          -0.27650708,
          0,
          -0.08738075,
          0.27765805,
          0.95669776,
          0,
          0.7778249,
          1.7528127,
          1.6070464,
          1
        ]
      },
      {
        "date" : 754181912.244242,
        "title" : "Untitled",
        "transform" : [
          0.9395801,
          1.6762207e-09,
          0.34232908,
          0,
          0.1194952,
          0.93709844,
          -0.32797477,
          0,
          -0.32079607,
          0.3490653,
          0.8804791,
          0,
          -0.59682405,
          2.153633,
          1.4671137,
          1
        ]
      },
      {
        "date" : 754181894.736458,
        "title" : "Untitled",
        "transform" : [
          0.99891615,
          5.545696e-10,
          0.04654588,
          0,
          0.013437841,
          0.95741934,
          -0.28838807,
          0,
          -0.044563923,
          0.288701,
          0.9563817,
          0,
          0.40790898,
          1.9365734,
          1.6829755,
          1
        ]
      },
      {
        "date" : 754000231.605645,
        "title" : "Untitled",
        "transform" : [
          0.99891615,
          5.545696e-10,
          0.04654588,
          0,
          0.013437841,
          0.95741934,
          -0.28838807,
          0,
          -0.044563923,
          0.288701,
          0.9563817,
          0,
          -0.17308909,
          1.8135018,
          -0.41950083,
          1
        ]
      },
      {
        "date" : 754000228.969316,
        "title" : "Untitled",
        "transform" : [
          0.99891615,
          1.0202309e-09,
          0.04654588,
          0,
          0.01343784,
          0.95741934,
          -0.28838807,
          0,
          -0.044563923,
          0.288701,
          0.9563817,
          0,
          -0.51024634,
          1.5478224,
          -1.5475029,
          1
        ]
      },
      {
        "date" : 753991286.750792,
        "title" : "Untitled",
        "transform" : [
          0.99891615,
          2.745367e-09,
          0.046545886,
          0,
          0.013437844,
          0.95741934,
          -0.2883881,
          0,
          -0.044563916,
          0.28870106,
          0.9563816,
          0,
          0.37164867,
          2.304093,
          1.1674486,
          1
        ]
      },
      {
        "date" : 753991282.952562,
        "title" : "Untitled",
        "transform" : [
          0.99891615,
          2.745367e-09,
          0.046545886,
          0,
          0.013437844,
          0.95741934,
          -0.2883881,
          0,
          -0.044563916,
          0.28870106,
          0.9563816,
          0,
          -1.0694045,
          11.331973,
          31.115986,
          1
        ]
      },
      {
        "date" : 753991281.001581,
        "title" : "Untitled",
        "transform" : [
          0.99672586,
          3.480011e-09,
          0.08085268,
          0,
          -0.06763591,
          0.5479173,
          0.83379364,
          0,
          -0.04430058,
          -0.83653235,
          0.54612345,
          0,
          -1.0591943,
          -27.034817,
          17.108236,
          1
        ]
      },
      {
        "date" : 753991279.132342,
        "title" : "Untitled",
        "transform" : [
          0.9937133,
          4.6508175e-09,
          0.11195445,
          0,
          0.04036545,
          0.93273896,
          -0.35828578,
          0,
          -0.104424275,
          0.36055246,
          0.9268751,
          0,
          -5.359513,
          21.431496,
          49.790924,
          1
        ]
      }
    ],
    "1EBF1622-190B-43A7-845E-9B82B5A7A908" : [
      {
        "date" : 754415269.25096,
        "title" : "Untitled",
        "transform" : [
          1,
          0,
          -0,
          0,
          -0,
          0.7071069,
          -0.7071067,
          0,
          0,
          0.7071067,
          0.7071069,
          0,
          -0.0032989979,
          1.0070157,
          1.0374207,
          1
        ]
      },
      {
        "date" : 754415267.356074,
        "title" : "Untitled",
        "transform" : [
          1,
          0,
          0,
          0,
          0,
          0.7071069,
          -0.70710677,
          0,
          0,
          0.70710677,
          0.7071069,
          0,
          0,
          3.3817563,
          3.3817573,
          1
        ]
      }
    ],
    "220C04E5-242E-4BBB-82A0-77AFE2744F74" : [
      {
        "date" : 754211252.978537,
        "title" : "Untitled",
        "transform" : [
          0.99890435,
          -7.3211304e-10,
          0.046798542,
          0,
          0.02066265,
          0.8972497,
          -0.44103962,
          0,
          -0.041989982,
          0.44152337,
          0.8962667,
          0,
          -0.14112367,
          3.901009,
          6.5212073,
          1
        ]
      },
      {
        "date" : 754211246.755732,
        "title" : "Untitled",
        "transform" : [
          0.9999997,
          0,
          -0.00073242193,
          0,
          -0.00051790045,
          0.7071068,
          -0.70710653,
          0,
          0.00051790057,
          0.70710677,
          0.7071067,
          0,
          0.0032800918,
          4.4784184,
          4.478418,
          1
        ]
      },
      {
        "date" : 754211242.69518,
        "title" : "Untitled",
        "transform" : [
          1,
          0,
          0,
          0,
          0,
          0.7071069,
          -0.70710677,
          0,
          0,
          0.70710677,
          0.7071069,
          0,
          0,
          17.350294,
          17.350298,
          1
        ]
      }
    ],
    "25C36807-02FB-40AE-8F10-A63952F9AAB4" : [
      {
        "date" : 754352550.306726,
        "title" : "Untitled",
        "transform" : [
          0.07763416,
          -3.380278e-10,
          0.9969819,
          0,
          -0.22943638,
          0.97315973,
          0.017866023,
          0,
          -0.97022265,
          -0.23013094,
          0.07555044,
          0,
          -1.2586677,
          -0.45631975,
          0.10897373,
          1
        ]
      },
      {
        "date" : 754352545.01423,
        "title" : "Untitled",
        "transform" : [
          0.3462027,
          -1.4931645e-08,
          0.9381597,
          0,
          0.04995436,
          0.99858135,
          -0.018434308,
          0,
          -0.9368288,
          0.053247195,
          0.3457115,
          0,
          -1.2586677,
          -0.45631975,
          0.10897373,
          1
        ]
      },
      {
        "date" : 754352540.106645,
        "title" : "Untitled",
        "transform" : [
          0.60103005,
          -1.3451995e-08,
          0.7992264,
          0,
          -0.23306808,
          0.95653504,
          0.17527066,
          0,
          -0.76448816,
          -0.29161713,
          0.5749063,
          0,
          -0.9528449,
          -0.81018144,
          0.2738243,
          1
        ]
      },
      {
        "date" : 754262662.309852,
        "title" : "Untitled",
        "transform" : [
          0.99865896,
          4.1391672e-09,
          0.051770303,
          0,
          0.025692549,
          0.86816275,
          -0.4956142,
          0,
          -0.04494505,
          0.49627963,
          0.8669985,
          0,
          -0.043382112,
          0.48183534,
          0.83880895,
          1
        ]
      },
      {
        "date" : 754254965.638664,
        "title" : "Untitled",
        "transform" : [
          0.99865896,
          4.1391672e-09,
          0.051770303,
          0,
          0.025692549,
          0.86816275,
          -0.4956142,
          0,
          -0.04494505,
          0.49627963,
          0.8669985,
          0,
          -0.1381921,
          1.5348687,
          2.6719947,
          1
        ]
      },
      {
        "date" : 754003369.460466,
        "title" : "Untitled",
        "transform" : [
          0.9986591,
          3.0245497e-09,
          0.0517703,
          0,
          0.025680719,
          0.8682932,
          -0.49538603,
          0,
          -0.044951808,
          0.49605122,
          0.8671289,
          0,
          -0.13522491,
          1.5012528,
          2.6147432,
          1
        ]
      },
      {
        "date" : 753990114.576168,
        "title" : "Untitled",
        "transform" : [
          0.9986591,
          -4.760932e-10,
          0.0517703,
          0,
          0.02200609,
          0.90515965,
          -0.42450184,
          0,
          -0.04686038,
          0.4250719,
          0.9039458,
          0,
          -0.12119499,
          1.0993633,
          2.337875,
          1
        ]
      }
    ],
    "3B5A01E3-A014-48CE-B941-067CFD3D66B9" : [
      {
        "date" : 754265494.413426,
        "title" : "Untitled",
        "transform" : [
          1,
          0,
          0,
          0,
          0,
          0.7071069,
          -0.70710677,
          0,
          0,
          0.70710677,
          0.7071069,
          0,
          0,
          70.710686,
          70.710686,
          1
        ]
      }
    ],
    "3C484B2E-DEF0-4302-B76F-681C274D34A5" : [
      {
        "date" : 754412793.884042,
        "title" : "Untitled",
        "transform" : [
          0.20439236,
          -4.3482737e-09,
          0.978889,
          0,
          0.00010330856,
          1,
          -2.1568072e-05,
          0,
          -0.9788891,
          0.00010554368,
          0.20439236,
          0,
          -1.1207823,
          0.039753612,
          -0.17816086,
          1
        ]
      },
      {
        "date" : 754352487.284118,
        "title" : "Untitled",
        "transform" : [
          0.20439236,
          -4.3482737e-09,
          0.978889,
          0,
          0.00010330856,
          1,
          -2.1568072e-05,
          0,
          -0.9788891,
          0.00010554368,
          0.20439236,
          0,
          -0.8024274,
          0.030035853,
          -0.13111591,
          1
        ]
      },
      {
        "date" : 754352484.864806,
        "title" : "Untitled",
        "transform" : [
          1,
          0,
          0,
          0,
          0,
          0.7071069,
          -0.7071067,
          0,
          0,
          0.7071067,
          0.7071069,
          0,
          -0.26022083,
          0.46164006,
          0.24391167,
          1
        ]
      }
    ],
    "496045F4-3CA9-4D9E-A417-A818651ADBD3" : [
      {
        "date" : 754255731.397411,
        "title" : "Untitled",
        "transform" : [
          0.9998891,
          -1.2584889e-10,
          0.014896661,
          0,
          0.006032599,
          0.9143329,
          -0.40491843,
          0,
          -0.013620502,
          0.40496328,
          0.91423154,
          0,
          -0.012905538,
          1.9308385,
          3.0527694,
          1
        ]
      },
      {
        "date" : 754255728.462935,
        "title" : "Untitled",
        "transform" : [
          0.9998891,
          -1.2584889e-10,
          0.014896661,
          0,
          0.006032599,
          0.9143329,
          -0.40491843,
          0,
          -0.013620502,
          0.40496328,
          0.91423154,
          0,
          -0.024616778,
          1.9254962,
          3.0549612,
          1
        ]
      },
      {
        "date" : 754255720.830352,
        "title" : "Untitled",
        "transform" : [
          0.9998891,
          -1.2584889e-10,
          0.014896661,
          0,
          0.006032599,
          0.9143329,
          -0.40491843,
          0,
          -0.013620502,
          0.40496328,
          0.91423154,
          0,
          -0.012735367,
          1.9416474,
          3.0479832,
          1
        ]
      },
      {
        "date" : 754255676.534576,
        "title" : "Untitled",
        "transform" : [
          0.9998891,
          -1.2584889e-10,
          0.014896661,
          0,
          0.006032599,
          0.9143329,
          -0.40491843,
          0,
          -0.013620502,
          0.40496328,
          0.91423154,
          0,
          -0.03558874,
          1.8157686,
          3.103401,
          1
        ]
      },
      {
        "date" : 754255657.247223,
        "title" : "Untitled",
        "transform" : [
          1,
          0,
          0,
          0,
          0,
          0.7071069,
          -0.7071067,
          0,
          0,
          0.7071067,
          0.7071069,
          0,
          -0.004140258,
          2.4569726,
          2.3224003,
          1
        ]
      },
      {
        "date" : 754255311.460887,
        "title" : "Untitled",
        "transform" : [
          1,
          0,
          0,
          0,
          0,
          0.7071069,
          -0.7071067,
          0,
          0,
          0.7071067,
          0.7071069,
          0,
          -0.004140258,
          1.779454,
          1.6448818,
          1
        ]
      },
      {
        "date" : 754255308.872999,
        "title" : "Untitled",
        "transform" : [
          1,
          0,
          0,
          0,
          0,
          0.7071069,
          -0.7071067,
          0,
          0,
          0.7071067,
          0.7071069,
          0,
          -1.6634588,
          1.7121674,
          1.712168,
          1
        ]
      },
      {
        "date" : 754255277.352523,
        "title" : "Untitled",
        "transform" : [
          1,
          0,
          0,
          0,
          0,
          0.7071069,
          -0.7071067,
          0,
          0,
          0.7071067,
          0.7071069,
          0,
          -0.9999999,
          1.2856722,
          1.2856725,
          1
        ]
      },
      {
        "date" : 754255270.802654,
        "title" : "Untitled",
        "transform" : [
          1,
          0,
          0,
          0,
          0,
          0.7071069,
          -0.7071067,
          0,
          0,
          0.7071067,
          0.7071069,
          0,
          -0.99999994,
          0.41879946,
          0.41879958,
          1
        ]
      },
      {
        "date" : 754255251.098415,
        "title" : "Untitled",
        "transform" : [
          1,
          0,
          -0,
          0,
          -0,
          0.7071069,
          -0.7071067,
          0,
          0,
          0.7071067,
          0.7071069,
          0,
          -0.99999994,
          0.12209344,
          0.1220935,
          1
        ]
      }
    ],
    "6A4DE9D6-0C97-4C67-A48F-AF868DD22FA4" : [
      {
        "date" : 754259376.259244,
        "title" : "Untitled",
        "transform" : [
          0.9329711,
          2.2860032e-09,
          0.3599514,
          0,
          0.19926175,
          0.8327964,
          -0.51647365,
          0,
          -0.2997662,
          0.5535795,
          0.77697486,
          0,
          -2.97517,
          5.5596876,
          7.0094748,
          1
        ]
      },
      {
        "date" : 754259359.467518,
        "title" : "Untitled",
        "transform" : [
          0.99698776,
          3.1131961e-09,
          0.07755925,
          0,
          0.045768317,
          0.8073246,
          -0.58833003,
          0,
          -0.06261547,
          0.5901076,
          0.8048928,
          0,
          -0.16892123,
          5.149479,
          6.728182,
          1
        ]
      },
      {
        "date" : 754259296.514257,
        "title" : "Untitled",
        "transform" : [
          0.92925304,
          2.9517828e-09,
          0.36944404,
          0,
          0.20985855,
          0.82300174,
          -0.5278517,
          0,
          -0.3040531,
          0.56803876,
          0.7647769,
          0,
          -2.636062,
          4.922001,
          6.2219687,
          1
        ]
      },
      {
        "date" : 754259294.910658,
        "title" : "Untitled",
        "transform" : [
          0.9395661,
          1.5334509e-09,
          0.34236768,
          0,
          0.17701204,
          0.85597134,
          -0.48577744,
          0,
          -0.29305694,
          0.51702315,
          0.80424166,
          0,
          -2.5527437,
          4.502758,
          6.5647907,
          1
        ]
      },
      {
        "date" : 754259287.826596,
        "title" : "Untitled",
        "transform" : [
          0.93956596,
          1.5334507e-09,
          0.34236765,
          0,
          0.17701204,
          0.85597134,
          -0.48577744,
          0,
          -0.29305696,
          0.5170232,
          0.8042418,
          0,
          -1.7780449,
          3.1360028,
          4.438763,
          1
        ]
      },
      {
        "date" : 754259276.045146,
        "title" : "Untitled",
        "transform" : [
          0.99960905,
          -2.406932e-10,
          0.027956681,
          0,
          0.016624816,
          0.8039747,
          -0.5944311,
          0,
          -0.022476463,
          0.5946635,
          0.8036605,
          0,
          -0.28123146,
          3.7150908,
          4.6579337,
          1
        ]
      },
      {
        "date" : 754259274.64797,
        "title" : "Untitled",
        "transform" : [
          0.99960905,
          -2.406932e-10,
          0.027956681,
          0,
          0.016624816,
          0.8039747,
          -0.5944311,
          0,
          -0.022476463,
          0.5946635,
          0.8036605,
          0,
          -0.28543484,
          3.8263013,
          4.80823,
          1
        ]
      },
      {
        "date" : 754259270.188357,
        "title" : "Untitled",
        "transform" : [
          0.99960905,
          -2.406932e-10,
          0.027956681,
          0,
          0.016624816,
          0.8039747,
          -0.5944311,
          0,
          -0.022476463,
          0.5946635,
          0.8036605,
          0,
          -0.24967302,
          2.8801413,
          3.5295362,
          1
        ]
      },
      {
        "date" : 754258737.567175,
        "title" : "Untitled",
        "transform" : [
          0.9999767,
          6.577041e-12,
          0.0068290555,
          0,
          0.0053777834,
          0.6163328,
          -0.7874674,
          0,
          -0.004208971,
          0.7874857,
          0.6163185,
          0,
          -0.16892183,
          3.7183902,
          2.6382217,
          1
        ]
      },
      {
        "date" : 754258725.888295,
        "title" : "Untitled",
        "transform" : [
          1,
          0,
          0,
          0,
          0,
          0.7071069,
          -0.70710677,
          0,
          0,
          0.70710677,
          0.7071069,
          0,
          -0.16116086,
          3.094532,
          3.318205,
          1
        ]
      }
    ],
    "7E5548F0-FD98-43E0-BBE8-B93E37A1BFCE" : [
      {
        "date" : 753988899.173749,
        "title" : "Untitled",
        "transform" : [
          0.62445736,
          -2.161402e-08,
          0.7810589,
          0,
          0.19946678,
          0.9668407,
          -0.1594739,
          0,
          -0.75515956,
          0.25538,
          0.6037508,
          0,
          -0.87481236,
          0.50555474,
          0.69471514,
          1
        ]
      },
      {
        "date" : 753988845.074494,
        "title" : "Untitled",
        "transform" : [
          0.999998,
          0,
          -0.0020141585,
          0,
          -0.001424225,
          0.7071069,
          -0.7071053,
          0,
          0.0014242254,
          0.7071067,
          0.70710546,
          0,
          -0.19822145,
          1.0263969,
          0.9047041,
          1
        ]
      },
      {
        "date" : 753988840.273015,
        "title" : "Untitled",
        "transform" : [
          1,
          0,
          0,
          0,
          0,
          0.7071069,
          -0.7071067,
          0,
          0,
          0.7071067,
          0.7071069,
          0,
          -0.20028877,
          18.226917,
          18.10516,
          1
        ]
      },
      {
        "date" : 753988838.723119,
        "title" : "Untitled",
        "transform" : [
          1,
          0,
          0,
          0,
          0,
          0.7071069,
          -0.7071067,
          0,
          0,
          0.7071067,
          0.7071069,
          0,
          -0.20028877,
          34.345844,
          34.224087,
          1
        ]
      },
      {
        "date" : 753988835.255663,
        "title" : "Untitled",
        "transform" : [
          1,
          0,
          -0,
          0,
          -0,
          0.7071069,
          -0.7071067,
          0,
          0,
          0.7071067,
          0.7071069,
          0,
          -0.20028445,
          0.14852881,
          0.026759386,
          1
        ]
      },
      {
        "date" : 753988813.057548,
        "title" : "Untitled",
        "transform" : [
          1,
          0,
          0,
          0,
          0,
          0.7071069,
          -0.7071067,
          0,
          0,
          0.7071067,
          0.7071069,
          0,
          -0.2002846,
          0.78974944,
          0.6679803,
          1
        ]
      },
      {
        "date" : 753988810.962411,
        "title" : "Untitled",
        "transform" : [
          1,
          0,
          -0,
          0,
          -0,
          0.7071069,
          -0.7071067,
          0,
          0,
          0.7071067,
          0.7071069,
          0,
          -0.2002846,
          0.14852834,
          0.026759028,
          1
        ]
      }
    ],
    "E2AD027D-0D91-4F9B-B113-E36E1C293338" : [
      {
        "date" : 754262651.413004,
        "title" : "Untitled",
        "transform" : [
          0.9309977,
          4.477654e-09,
          -0.3650249,
          0,
          -0.0028322104,
          0.99996996,
          -0.0072236233,
          0,
          0.36501393,
          0.0077590263,
          0.9309698,
          0,
          0.110840105,
          0.0023560692,
          0.28269824,
          1
        ]
      },
      {
        "date" : 754262644.320659,
        "title" : "Untitled",
        "transform" : [
          1,
          0,
          0,
          0,
          0,
          0.7071069,
          -0.70710677,
          0,
          0,
          0.70710677,
          0.7071069,
          0,
          0,
          0.21472,
          0.21472006,
          1
        ]
      },
      {
        "date" : 754003725.8163,
        "title" : "Untitled",
        "transform" : [
          1,
          0,
          0,
          0,
          0,
          0.7071069,
          -0.70710677,
          0,
          0,
          0.70710677,
          0.7071069,
          0,
          0,
          2.2650237,
          2.2650242,
          1
        ]
      }
    ],
    "EECEED5A-617E-4993-A9C4-7F879800DFAA" : [
      {
        "date" : 754412747.203486,
        "title" : "Untitled",
        "transform" : [
          0.932959,
          -3.7587107e-09,
          0.3599822,
          0,
          0.052473646,
          0.9893188,
          -0.13599505,
          0,
          -0.35613728,
          0.14576733,
          0.9229942,
          0,
          -2.0707436,
          2.8622506,
          4.497821,
          1
        ]
      },
      {
        "date" : 754412672.649733,
        "title" : "Untitled",
        "transform" : [
          0.8700155,
          -5.4256644e-09,
          0.49302426,
          0,
          -0.03802759,
          0.9970209,
          0.06710534,
          0,
          -0.4915556,
          -0.077131316,
          0.8674238,
          0,
          -2.960685,
          1.6957778,
          4.590156,
          1
        ]
      },
      {
        "date" : 754412495.868646,
        "title" : "Untitled",
        "transform" : [
          0.95599926,
          4.9116156e-10,
          0.29336908,
          0,
          0.19518816,
          0.7465467,
          -0.636058,
          0,
          -0.21901372,
          0.6653331,
          0.71369815,
          0,
          -1.1621203,
          3.5303595,
          3.7869914,
          1
        ]
      },
      {
        "date" : 754412485.071153,
        "title" : "Untitled",
        "transform" : [
          0.84866863,
          -6.1975243e-09,
          0.52892494,
          0,
          0.25144434,
          0.8797766,
          -0.40344647,
          0,
          -0.4653358,
          0.47538754,
          0.7466388,
          0,
          -2.469143,
          2.522479,
          3.9617796,
          1
        ]
      }
    ]
  },
  "sceneViewportBackgroundColors" : {

  },
  "selectedSceneRelativePath" : "CancerCell-spawn.usda"
}