{
  "advancedEditorSelectedIdentifier" : "BehaviorsPluginID",
  "openSceneRelativePaths" : [
    "Immersive.usda"
  ],
  "recentIdentifiers" : {
    "1D572CEB-057A-41C3-B575-04C37501A3C0" : [

    ],
    "220C04E5-242E-4BBB-82A0-77AFE2744F74" : [

    ],
    "25C36807-02FB-40AE-8F10-A63952F9AAB4" : [

    ],
    "3CD69C7C-DB10-4FEF-95BD-BEF05412DB44" : [

    ]
  },
  "sceneCameraHistory" : {
    "1D572CEB-057A-41C3-B575-04C37501A3C0" : [
      {
        "date" : 754000231.605645,
        "title" : "Untitled",
        "transform" : [
          0.99891615,
          5.545696e-10,
          0.04654588,
          0,
          0.013437841,
          0.95741934,
          -0.28838807,
          0,
          -0.044563923,
          0.288701,
          0.9563817,
          0,
          -0.17308909,
          1.8135018,
          -0.41950083,
          1
        ]
      },
      {
        "date" : 754000228.969316,
        "title" : "Untitled",
        "transform" : [
          0.99891615,
          1.0202309e-09,
          0.04654588,
          0,
          0.01343784,
          0.95741934,
          -0.28838807,
          0,
          -0.044563923,
          0.288701,
          0.9563817,
          0,
          -0.51024634,
          1.5478224,
          -1.5475029,
          1
        ]
      },
      {
        "date" : 753991286.750792,
        "title" : "Untitled",
        "transform" : [
          0.99891615,
          2.745367e-09,
          0.046545886,
          0,
          0.013437844,
          0.95741934,
          -0.2883881,
          0,
          -0.044563916,
          0.28870106,
          0.9563816,
          0,
          0.37164867,
          2.304093,
          1.1674486,
          1
        ]
      },
      {
        "date" : 753991282.952562,
        "title" : "Untitled",
        "transform" : [
          0.99891615,
          2.745367e-09,
          0.046545886,
          0,
          0.013437844,
          0.95741934,
          -0.2883881,
          0,
          -0.044563916,
          0.28870106,
          0.9563816,
          0,
          -1.0694045,
          11.331973,
          31.115986,
          1
        ]
      },
      {
        "date" : 753991281.001581,
        "title" : "Untitled",
        "transform" : [
          0.99672586,
          3.480011e-09,
          0.08085268,
          0,
          -0.06763591,
          0.5479173,
          0.83379364,
          0,
          -0.04430058,
          -0.83653235,
          0.54612345,
          0,
          -1.0591943,
          -27.034817,
          17.108236,
          1
        ]
      },
      {
        "date" : 753991279.132342,
        "title" : "Untitled",
        "transform" : [
          0.9937133,
          4.6508175e-09,
          0.11195445,
          0,
          0.04036545,
          0.93273896,
          -0.35828578,
          0,
          -0.104424275,
          0.36055246,
          0.9268751,
          0,
          -5.359513,
          21.431496,
          49.790924,
          1
        ]
      },
      {
        "date" : 753978618.763399,
        "title" : "Untitled",
        "transform" : [
          0.99566925,
          4.6508175e-09,
          0.09296647,
          0,
          0.033519283,
          0.93273896,
          -0.358991,
          0,
          -0.08671345,
          0.36055246,
          0.9286995,
          0,
          0.43965083,
          1.6960588,
          -0.93467486,
          1
        ]
      },
      {
        "date" : 753962513.261395,
        "title" : "Untitled",
        "transform" : [
          0.99566925,
          2.0768751e-09,
          0.09296647,
          0,
          0.033519287,
          0.9327389,
          -0.358991,
          0,
          -0.086713456,
          0.36055243,
          0.92869955,
          0,
          -0.51427126,
          2.2830877,
          0.13149258,
          1
        ]
      },
      {
        "date" : 753962506.145795,
        "title" : "Untitled",
        "transform" : [
          0.9948524,
          2.0768751e-09,
          0.10133427,
          0,
          0.036536317,
          0.9327389,
          -0.3586965,
          0,
          -0.09451842,
          0.36055243,
          0.9279377,
          0,
          -0.5349816,
          2.4124005,
          0.44067973,
          1
        ]
      },
      {
        "date" : 753962255.593575,
        "title" : "Untitled",
        "transform" : [
          0.9948524,
          2.0768751e-09,
          0.10133427,
          0,
          0.03653632,
          0.932739,
          -0.35869652,
          0,
          -0.09451842,
          0.36055243,
          0.9279377,
          0,
          -0.61549664,
          4.5124187,
          5.464855,
          1
        ]
      }
    ],
    "25C36807-02FB-40AE-8F10-A63952F9AAB4" : [
      {
        "date" : 753990114.576168,
        "title" : "Untitled",
        "transform" : [
          0.9986591,
          -4.760932e-10,
          0.0517703,
          0,
          0.02200609,
          0.90515965,
          -0.42450184,
          0,
          -0.04686038,
          0.4250719,
          0.9039458,
          0,
          -0.12119499,
          1.0993633,
          2.337875,
          1
        ]
      }
    ],
    "7E5548F0-FD98-43E0-BBE8-B93E37A1BFCE" : [
      {
        "date" : 753988899.173749,
        "title" : "Untitled",
        "transform" : [
          0.62445736,
          -2.161402e-08,
          0.7810589,
          0,
          0.19946678,
          0.9668407,
          -0.1594739,
          0,
          -0.75515956,
          0.25538,
          0.6037508,
          0,
          -0.87481236,
          0.50555474,
          0.69471514,
          1
        ]
      },
      {
        "date" : 753988845.074494,
        "title" : "Untitled",
        "transform" : [
          0.999998,
          0,
          -0.0020141585,
          0,
          -0.001424225,
          0.7071069,
          -0.7071053,
          0,
          0.0014242254,
          0.7071067,
          0.70710546,
          0,
          -0.19822145,
          1.0263969,
          0.9047041,
          1
        ]
      },
      {
        "date" : 753988840.273015,
        "title" : "Untitled",
        "transform" : [
          1,
          0,
          0,
          0,
          0,
          0.7071069,
          -0.7071067,
          0,
          0,
          0.7071067,
          0.7071069,
          0,
          -0.20028877,
          18.226917,
          18.10516,
          1
        ]
      },
      {
        "date" : 753988838.723119,
        "title" : "Untitled",
        "transform" : [
          1,
          0,
          0,
          0,
          0,
          0.7071069,
          -0.7071067,
          0,
          0,
          0.7071067,
          0.7071069,
          0,
          -0.20028877,
          34.345844,
          34.224087,
          1
        ]
      },
      {
        "date" : 753988835.255663,
        "title" : "Untitled",
        "transform" : [
          1,
          0,
          -0,
          0,
          -0,
          0.7071069,
          -0.7071067,
          0,
          0,
          0.7071067,
          0.7071069,
          0,
          -0.20028445,
          0.14852881,
          0.026759386,
          1
        ]
      },
      {
        "date" : 753988813.057548,
        "title" : "Untitled",
        "transform" : [
          1,
          0,
          0,
          0,
          0,
          0.7071069,
          -0.7071067,
          0,
          0,
          0.7071067,
          0.7071069,
          0,
          -0.2002846,
          0.78974944,
          0.6679803,
          1
        ]
      },
      {
        "date" : 753988810.962411,
        "title" : "Untitled",
        "transform" : [
          1,
          0,
          -0,
          0,
          -0,
          0.7071069,
          -0.7071067,
          0,
          0,
          0.7071067,
          0.7071069,
          0,
          -0.2002846,
          0.14852834,
          0.026759028,
          1
        ]
      }
    ]
  },
  "sceneViewportBackgroundColors" : {

  },
  "selectedSceneRelativePath" : "Immersive.usda"
}