{
  "advancedEditorSelectedIdentifier" : "ProjectBrowser",
  "openSceneRelativePaths" : [
    "IntroAudio.usda"
  ],
  "recentIdentifiers" : {
    "00353439-B084-4161-BDD3-58325B62FD61" : [

    ],
    "02DE6380-0BD9-4479-9A39-522888A9802A" : [

    ],
    "071D5D7A-6594-4D62-93EB-9A979D70B767" : [

    ],
    "085B8DE7-7973-4FC9-A118-90FFC9B739A0" : [

    ],
    "12B1BFDE-D45B-4A19-958C-624E0EE55CAE" : [

    ],
    "1D572CEB-057A-41C3-B575-04C37501A3C0" : [

    ],
    "1E22C6BA-8D6C-4D81-845F-33A2AC36A43E" : [

    ],
    "1EBF1622-190B-43A7-845E-9B82B5A7A908" : [

    ],
    "220C04E5-242E-4BBB-82A0-77AFE2744F74" : [

    ],
    "229A9523-9542-4C66-B562-4EEDE849ABB0" : [

    ],
    "25C36807-02FB-40AE-8F10-A63952F9AAB4" : [

    ],
    "27EC1142-7EFD-4199-B05B-0A02B9BD5594" : [

    ],
    "2B8A7B8A-B0B5-43FA-97F7-177747415A9E" : [

    ],
    "3C484B2E-DEF0-4302-B76F-681C274D34A5" : [

    ],
    "3CD69C7C-DB10-4FEF-95BD-BEF05412DB44" : [

    ],
    "40DE9908-7C57-4F32-BD75-670CF74CF6FB" : [

    ],
    "44F0F50C-ED11-4E8D-8923-F81E82193C26" : [

    ],
    "45709933-837A-4909-9A0B-E4A53344635A" : [

    ],
    "467612E3-5D16-403A-89F3-1731E54DEF12" : [

    ],
    "47EFE14A-AC88-49F4-BFD7-0E8198EB561A" : [

    ],
    "48F594CF-42BB-42B2-80BA-F5796C487D7E" : [

    ],
    "496045F4-3CA9-4D9E-A417-A818651ADBD3" : [

    ],
    "4A919CF4-92BB-4C05-A306-0CF10509CB94" : [

    ],
    "5A285654-8574-4F5E-8283-AB6C523CABE6" : [

    ],
    "5FE9DC4C-3B69-441C-861D-116BED5D0C64" : [

    ],
    "60FA3AEC-9CFC-46B5-8F0C-FBC195373020" : [

    ],
    "61D9D8CE-8E1E-43EA-B109-3B7032AED4D0" : [

    ],
    "626F18E0-4467-4447-9B6B-1FA5C9A27F7A" : [

    ],
    "6292CAF4-DC11-4C8E-955F-9E33770D38FA" : [

    ],
    "63133FA1-6801-45B1-97F9-DE5D137C9BAC" : [

    ],
    "6A4DE9D6-0C97-4C67-A48F-AF868DD22FA4" : [

    ],
    "6C43F53D-D3EC-4437-8F86-2529DDB36BDB" : [

    ],
    "732BFFA5-2E7F-487C-9F77-96943F1ADC77" : [

    ],
    "7A10AC9D-F4E1-4FB8-A276-43FB7670B088" : [

    ],
    "7D9AFED7-1B0D-4B70-A381-6A517ED33083" : [

    ],
    "8197A29B-0DE4-43E4-8D2B-9F196AADBC27" : [

    ],
    "83842D5C-198A-4726-B5EE-0B6435583B6A" : [

    ],
    "870875AB-DB74-47D5-B013-9D247D53B42B" : [

    ],
    "8CC68D94-F86D-48AF-AF68-A3F1C2918116" : [

    ],
    "8D199E2A-4553-4E4E-B029-36C04D18F8BF" : [

    ],
    "9099671A-9052-4BD8-8987-C708BB55235D" : [

    ],
    "91F8D5E9-2D68-4F9A-98DA-7715F504D7BE" : [

    ],
    "93C1F4B5-B1A0-4E35-82A2-69DC5B4F7E49" : [

    ],
    "98251CD2-0571-44AD-9218-C32363A369A4" : [

    ],
    "9A4ACB1F-1DFA-4CE4-89AA-DE3E4B96F3EF" : [

    ],
    "9D4D6878-9C8E-4DE9-942F-5A91B30E9030" : [

    ],
    "A0344153-0C3A-4495-8E12-A2FBC95CB674" : [

    ],
    "A1728E79-0E0E-4FC3-BD0D-65A9BB34AE5F" : [

    ],
    "A2548279-DFE4-4531-B168-2F779A16F301" : [

    ],
    "A3DD4248-832E-457D-AECD-261D86190279" : [

    ],
    "AC1376C1-B192-4224-BA5E-2D696E1137FD" : [

    ],
    "AE533BB1-942B-4D2D-B167-BA29895ECA28" : [

    ],
    "AEA5DE3D-0E82-4D05-A22D-3A0AA6082CC0" : [

    ],
    "AF49E25F-AC15-4878-B4B3-19947607D2F3" : [

    ],
    "B729A84D-5E60-441C-8733-32AE0ED92DB6" : [

    ],
    "B8BBA38F-5728-478A-97D1-25474906954F" : [

    ],
    "BF459A8C-B8F8-4740-B757-D14D38D39C3A" : [

    ],
    "C09454C0-C79D-45A3-A5CE-E960F7B35B3E" : [

    ],
    "C14E0459-BFF4-4EBA-9D94-495E043E98FB" : [

    ],
    "C19F0FF5-A8EA-41E5-959A-CDD158F57AE5" : [

    ],
    "C277ABE1-3BFD-4251-92D5-6A6293F4B3F2" : [

    ],
    "C432CC64-DB36-44D2-9C41-8BC303A7C806" : [

    ],
    "D682774C-E065-431C-902F-AA4439FBEFE7" : [

    ],
    "D6D9454C-8AC6-4084-B80C-3F0A15609015" : [

    ],
    "DA0531A4-CB58-4DB8-A332-3EBC135B5394" : [

    ],
    "DBDB5E53-2FE2-49F3-95A5-06439F2DF05E" : [

    ],
    "E20D5996-7725-4901-B06A-2060E4682C8B" : [

    ],
    "E2AD027D-0D91-4F9B-B113-E36E1C293338" : [

    ],
    "E40EF00E-764B-485A-A28A-506FC4D0F0F5" : [

    ],
    "F0EFCE72-C355-4F3A-81F1-97C028A7FA90" : [

    ],
    "F5946F9F-B916-4779-9467-B61B2A2B6E6A" : [

    ],
    "F6113C69-7A5B-4CEA-998E-B732BEEE1A44" : [

    ],
    "F6AAB03F-988B-4D00-9D96-9D012184A952" : [

    ],
    "F7C7BFF6-0D93-4CBA-8057-D15585DF831F" : [

    ],
    "F9B882FA-3E96-41FF-9F3A-3160B0CB64D1" : [

    ],
    "FC94C881-21AF-4FA0-80B6-39C7B4C75897" : [

    ]
  },
  "sceneCameraHistory" : {
    "00353439-B084-4161-BDD3-58325B62FD61" : [
      {
        "date" : 755165865.449833,
        "title" : "Untitled",
        "transform" : [
          0.99968153,
          -1.6247226e-09,
          -0.025236608,
          0,
          -0.0059657185,
          0.971658,
          -0.23631585,
          0,
          0.02452135,
          0.23639117,
          0.9713485,
          0,
          0.01730187,
          0.30784303,
          0.6597028,
          1
        ]
      },
      {
        "date" : 755165664.697562,
        "title" : "Untitled",
        "transform" : [
          0.996154,
          -1.4786438e-09,
          0.087618575,
          0,
          0.024010498,
          0.96172,
          -0.27298048,
          0,
          -0.08426455,
          0.27403444,
          0.95802134,
          0,
          -0.0560831,
          0.33329788,
          0.64501286,
          1
        ]
      },
      {
        "date" : 755165638.38201,
        "title" : "Untitled",
        "transform" : [
          0.989134,
          -1.4993538e-09,
          0.14701681,
          0,
          0.036999244,
          0.96781397,
          -0.24893217,
          0,
          -0.14228494,
          0.2516668,
          0.95729774,
          0,
          -0.09565512,
          0.31819963,
          0.6479764,
          1
        ]
      },
      {
        "date" : 755165531.230131,
        "title" : "Untitled",
        "transform" : [
          0.9837049,
          -1.3129933e-09,
          0.1797899,
          0,
          0.047624543,
          0.9642787,
          -0.26057363,
          0,
          -0.17336759,
          0.26489004,
          0.9485658,
          0,
          -0.1163309,
          0.327135,
          0.64009696,
          1
        ]
      },
      {
        "date" : 755165497.412804,
        "title" : "Untitled",
        "transform" : [
          0.9774429,
          3.6656173e-10,
          0.21119969,
          0,
          0.07438723,
          0.93592,
          -0.34426793,
          0,
          -0.19766603,
          0.35221285,
          0.9148084,
          0,
          -0.12985379,
          0.38542458,
          0.60403657,
          1
        ]
      },
      {
        "date" : 755165470.696783,
        "title" : "Untitled",
        "transform" : [
          0.9999932,
          4.148096e-10,
          0.0036881452,
          0,
          0.0013888839,
          0.9263836,
          -0.37657866,
          0,
          -0.003416633,
          0.37658128,
          0.92637736,
          0,
          -0.0015930235,
          0.40145874,
          0.60753816,
          1
        ]
      },
      {
        "date" : 755165466.313187,
        "title" : "Untitled",
        "transform" : [
          0.9999932,
          4.148096e-10,
          0.0036881452,
          0,
          0.0013888839,
          0.9263836,
          -0.37657866,
          0,
          -0.003416633,
          0.37658128,
          0.92637736,
          0,
          -0.0011398137,
          0.18374278,
          0.30903238,
          1
        ]
      },
      {
        "date" : 755165462.463268,
        "title" : "Untitled",
        "transform" : [
          0.9999106,
          4.111777e-10,
          0.0133627625,
          0,
          0.005787877,
          0.90132916,
          -0.43309617,
          0,
          -0.012044245,
          0.43313488,
          0.9012487,
          0,
          -0.0039699045,
          0.20249744,
          0.29705682,
          1
        ]
      },
      {
        "date" : 755165306.062652,
        "title" : "Untitled",
        "transform" : [
          0.9997956,
          4.111777e-10,
          0.02021298,
          0,
          0.008754945,
          0.90132916,
          -0.43304637,
          0,
          -0.018218547,
          0.43313488,
          0.90114504,
          0,
          -0.014142064,
          0.476892,
          0.6995038,
          1
        ]
      },
      {
        "date" : 755165302.347387,
        "title" : "Untitled",
        "transform" : [
          1,
          0,
          -0,
          0,
          -0,
          0.7071069,
          -0.7071067,
          0,
          0,
          0.7071067,
          0.7071069,
          0,
          -1.1920929e-07,
          0.6816267,
          0.5023112,
          1
        ]
      }
    ],
    "12B1BFDE-D45B-4A19-958C-624E0EE55CAE" : [
      {
        "date" : 754258485.397322,
        "title" : "Untitled",
        "transform" : [
          0.9994281,
          -5.188813e-09,
          0.033817146,
          0,
          0.018401396,
          0.8389916,
          -0.5438332,
          0,
          -0.028372306,
          0.54414433,
          0.8385118,
          0,
          -1.2138375,
          4.4215283,
          6.907244,
          1
        ]
      },
      {
        "date" : 754258471.19021,
        "title" : "Untitled",
        "transform" : [
          0.9940788,
          -5.605551e-09,
          0.10866051,
          0,
          0.069725536,
          0.7669704,
          -0.63788295,
          0,
          -0.08333942,
          0.6416823,
          0.76242924,
          0,
          -1.6210384,
          5.134025,
          6.430901,
          1
        ]
      },
      {
        "date" : 754258441.531246,
        "title" : "Untitled",
        "transform" : [
          0.9913588,
          -5.4146696e-09,
          0.13117874,
          0,
          0.07812212,
          0.8033261,
          -0.5903934,
          0,
          -0.1053793,
          0.59553945,
          0.79638433,
          0,
          -1.7804965,
          4.796202,
          6.663757,
          1
        ]
      },
      {
        "date" : 754258438.265157,
        "title" : "Untitled",
        "transform" : [
          0.9995524,
          -1.0111092e-09,
          -0.029916791,
          0,
          -0.029284252,
          0.20454754,
          -0.9784185,
          0,
          0.0061194105,
          0.9788566,
          0.2044561,
          0,
          -0.9544605,
          7.701033,
          2.5499663,
          1
        ]
      },
      {
        "date" : 754258329.478276,
        "title" : "Untitled",
        "transform" : [
          0.99945027,
          -1.0510739e-09,
          0.033154123,
          0,
          0.017440815,
          0.8504518,
          -0.5257637,
          0,
          -0.02819598,
          0.52605283,
          0.8499843,
          0,
          -1.2541168,
          3.714931,
          6.733717,
          1
        ]
      },
      {
        "date" : 754258326.882616,
        "title" : "Untitled",
        "transform" : [
          0.99945027,
          -1.0510739e-09,
          0.033154123,
          0,
          0.017440815,
          0.8504518,
          -0.5257637,
          0,
          -0.02819598,
          0.52605283,
          0.8499843,
          0,
          -0.105318904,
          5.9987974,
          5.3583465,
          1
        ]
      },
      {
        "date" : 754258165.661129,
        "title" : "Untitled",
        "transform" : [
          0.99969345,
          -7.209843e-11,
          -0.024757862,
          0,
          -0.024372643,
          0.17571944,
          -0.98413855,
          0,
          0.004350442,
          0.98444027,
          0.1756656,
          0,
          0.023020804,
          6.5107274,
          0.33493507,
          1
        ]
      },
      {
        "date" : 754258160.375607,
        "title" : "Untitled",
        "transform" : [
          0.9998197,
          7.536898e-10,
          -0.018983778,
          0,
          -0.009600166,
          0.8627072,
          -0.5056123,
          0,
          0.016377447,
          0.50570345,
          0.8625518,
          0,
          0.13313049,
          4.0511174,
          4.3390493,
          1
        ]
      },
      {
        "date" : 754258151.593718,
        "title" : "Untitled",
        "transform" : [
          0.9999882,
          2.4581448e-11,
          -0.004848648,
          0,
          -0.0048430883,
          0.047870863,
          -0.9988417,
          0,
          0.00023210901,
          0.9988535,
          0.047870353,
          0,
          0.05175495,
          6.48428,
          0.1755082,
          1
        ]
      },
      {
        "date" : 754258149.866411,
        "title" : "Untitled",
        "transform" : [
          0.9999882,
          2.4581448e-11,
          -0.004848648,
          0,
          -0.0048430883,
          0.047870863,
          -0.9988417,
          0,
          0.00023210904,
          0.9988536,
          0.04787036,
          0,
          0.066147804,
          6.499966,
          -0.15185815,
          1
        ]
      }
    ],
    "1D572CEB-057A-41C3-B575-04C37501A3C0" : [
      {
        "date" : 754181921.961102,
        "title" : "Untitled",
        "transform" : [
          0.99585485,
          1.9954836e-09,
          0.09095718,
          0,
          0.025255002,
          0.96068,
          -0.27650708,
          0,
          -0.08738075,
          0.27765805,
          0.95669776,
          0,
          0.32849646,
          2.0215478,
          1.4880128,
          1
        ]
      },
      {
        "date" : 754181917.010544,
        "title" : "Untitled",
        "transform" : [
          0.99585485,
          1.9954836e-09,
          0.09095718,
          0,
          0.025255002,
          0.96068,
          -0.27650708,
          0,
          -0.08738075,
          0.27765805,
          0.95669776,
          0,
          0.7778249,
          1.7528127,
          1.6070464,
          1
        ]
      },
      {
        "date" : 754181912.244242,
        "title" : "Untitled",
        "transform" : [
          0.9395801,
          1.6762207e-09,
          0.34232908,
          0,
          0.1194952,
          0.93709844,
          -0.32797477,
          0,
          -0.32079607,
          0.3490653,
          0.8804791,
          0,
          -0.59682405,
          2.153633,
          1.4671137,
          1
        ]
      },
      {
        "date" : 754181894.736458,
        "title" : "Untitled",
        "transform" : [
          0.99891615,
          5.545696e-10,
          0.04654588,
          0,
          0.013437841,
          0.95741934,
          -0.28838807,
          0,
          -0.044563923,
          0.288701,
          0.9563817,
          0,
          0.40790898,
          1.9365734,
          1.6829755,
          1
        ]
      },
      {
        "date" : 754000231.605645,
        "title" : "Untitled",
        "transform" : [
          0.99891615,
          5.545696e-10,
          0.04654588,
          0,
          0.013437841,
          0.95741934,
          -0.28838807,
          0,
          -0.044563923,
          0.288701,
          0.9563817,
          0,
          -0.17308909,
          1.8135018,
          -0.41950083,
          1
        ]
      },
      {
        "date" : 754000228.969316,
        "title" : "Untitled",
        "transform" : [
          0.99891615,
          1.0202309e-09,
          0.04654588,
          0,
          0.01343784,
          0.95741934,
          -0.28838807,
          0,
          -0.044563923,
          0.288701,
          0.9563817,
          0,
          -0.51024634,
          1.5478224,
          -1.5475029,
          1
        ]
      },
      {
        "date" : 753991286.750792,
        "title" : "Untitled",
        "transform" : [
          0.99891615,
          2.745367e-09,
          0.046545886,
          0,
          0.013437844,
          0.95741934,
          -0.2883881,
          0,
          -0.044563916,
          0.28870106,
          0.9563816,
          0,
          0.37164867,
          2.304093,
          1.1674486,
          1
        ]
      },
      {
        "date" : 753991282.952562,
        "title" : "Untitled",
        "transform" : [
          0.99891615,
          2.745367e-09,
          0.046545886,
          0,
          0.013437844,
          0.95741934,
          -0.2883881,
          0,
          -0.044563916,
          0.28870106,
          0.9563816,
          0,
          -1.0694045,
          11.331973,
          31.115986,
          1
        ]
      },
      {
        "date" : 753991281.001581,
        "title" : "Untitled",
        "transform" : [
          0.99672586,
          3.480011e-09,
          0.08085268,
          0,
          -0.06763591,
          0.5479173,
          0.83379364,
          0,
          -0.04430058,
          -0.83653235,
          0.54612345,
          0,
          -1.0591943,
          -27.034817,
          17.108236,
          1
        ]
      },
      {
        "date" : 753991279.132342,
        "title" : "Untitled",
        "transform" : [
          0.9937133,
          4.6508175e-09,
          0.11195445,
          0,
          0.04036545,
          0.93273896,
          -0.35828578,
          0,
          -0.104424275,
          0.36055246,
          0.9268751,
          0,
          -5.359513,
          21.431496,
          49.790924,
          1
        ]
      }
    ],
    "1EBF1622-190B-43A7-845E-9B82B5A7A908" : [
      {
        "date" : 755680981.925996,
        "title" : "Untitled",
        "transform" : [
          -0.116757974,
          -3.6411773e-08,
          0.99316037,
          0,
          0.3554769,
          0.9337504,
          0.041790634,
          0,
          -0.9273637,
          0.35792494,
          -0.10902284,
          0,
          -1.625805,
          0.5959773,
          -0.14822514,
          1
        ]
      },
      {
        "date" : 755680941.142614,
        "title" : "Untitled",
        "transform" : [
          -0.12149414,
          -3.6670368e-08,
          0.99259216,
          0,
          0.27296126,
          0.96144474,
          0.03341074,
          0,
          -0.95432234,
          0.27499843,
          -0.11680993,
          0,
          -1.6705587,
          0.451153,
          -0.16154541,
          1
        ]
      },
      {
        "date" : 755680809.54486,
        "title" : "Untitled",
        "transform" : [
          0.19493583,
          -3.0829398e-08,
          0.980816,
          0,
          -0.13225847,
          0.99086666,
          0.026286231,
          0,
          -0.97185785,
          -0.13484535,
          0.19315535,
          0,
          -1.7087941,
          -0.105059415,
          0.34325457,
          1
        ]
      },
      {
        "date" : 755680746.161811,
        "title" : "Untitled",
        "transform" : [
          0.19493583,
          -3.0829398e-08,
          0.980816,
          0,
          -0.13225847,
          0.99086666,
          0.026286231,
          0,
          -0.97185785,
          -0.13484535,
          0.19315535,
          0,
          -1.7039325,
          -0.13249531,
          0.34856123,
          1
        ]
      },
      {
        "date" : 755680612.595046,
        "title" : "Untitled",
        "transform" : [
          0.08436987,
          -3.0822374e-08,
          0.9964345,
          0,
          0.6075006,
          0.79265195,
          -0.051438123,
          0,
          -0.78982574,
          0.6096744,
          0.066875905,
          0,
          -1.3937197,
          1.0124742,
          0.15008445,
          1
        ]
      },
      {
        "date" : 755680489.596931,
        "title" : "Untitled",
        "transform" : [
          0.08436987,
          -3.0822374e-08,
          0.9964345,
          0,
          0.6075006,
          0.79265195,
          -0.051438123,
          0,
          -0.78982574,
          0.6096744,
          0.066875905,
          0,
          -0.85705185,
          0.49900225,
          -0.09618181,
          1
        ]
      },
      {
        "date" : 755680482.14642,
        "title" : "Untitled",
        "transform" : [
          -0.26997516,
          -3.06203e-08,
          0.9628673,
          0,
          0.09236947,
          0.9953879,
          0.0258992,
          0,
          -0.9584265,
          0.09593169,
          -0.26873004,
          0,
          -1.0145423,
          0.07525416,
          -0.37474352,
          1
        ]
      },
      {
        "date" : 755680461.496359,
        "title" : "Untitled",
        "transform" : [
          0.02109009,
          -3.057255e-08,
          0.9997776,
          0,
          0.04868605,
          0.99881357,
          -0.0010269895,
          0,
          -0.9985915,
          0.048696887,
          0.021065056,
          0,
          -0.65071684,
          0.019537795,
          -0.16880874,
          1
        ]
      },
      {
        "date" : 755680448.94676,
        "title" : "Untitled",
        "transform" : [
          -0.029870419,
          -3.057225e-08,
          0.9995538,
          0,
          0.04816058,
          0.9988385,
          0.0014392509,
          0,
          -0.9983929,
          0.048182085,
          -0.029835738,
          0,
          -0.6522206,
          0.019309934,
          -0.19134538,
          1
        ]
      },
      {
        "date" : 755680444.015197,
        "title" : "Untitled",
        "transform" : [
          -0.028131649,
          -3.057225e-08,
          0.9996042,
          0,
          0.048163008,
          0.9988385,
          0.0013554733,
          0,
          -0.99844325,
          0.048182085,
          -0.028098987,
          0,
          -0.40978527,
          0.009492628,
          -0.18280256,
          1
        ]
      }
    ],
    "220C04E5-242E-4BBB-82A0-77AFE2744F74" : [
      {
        "date" : 755963155.32207,
        "title" : "Untitled",
        "transform" : [
          0.9903962,
          -6.631513e-10,
          0.13825797,
          0,
          0.063617066,
          0.8878501,
          -0.45571408,
          0,
          -0.122752346,
          0.46013308,
          0.8793233,
          0,
          -2.2089684,
          8.304206,
          15.872252,
          1
        ]
      },
      {
        "date" : 755963132.072548,
        "title" : "Untitled",
        "transform" : [
          0.9835544,
          6.6528116e-10,
          0.18061212,
          0,
          -0.012542826,
          0.9975858,
          0.06830416,
          0,
          -0.18017608,
          -0.06944618,
          0.98117983,
          0,
          -3.2453926,
          -1.2542822,
          17.710505,
          1
        ]
      },
      {
        "date" : 755963100.92236,
        "title" : "Untitled",
        "transform" : [
          0.9989044,
          -1.0074965e-09,
          0.046798542,
          0,
          0.02066265,
          0.8972498,
          -0.44103962,
          0,
          -0.041989982,
          0.44152337,
          0.8962667,
          0,
          -0.75119174,
          7.9683113,
          16.177439,
          1
        ]
      },
      {
        "date" : 755954294.615927,
        "title" : "Untitled",
        "transform" : [
          0.9989044,
          -1.0074965e-09,
          0.046798542,
          0,
          0.02066265,
          0.8972498,
          -0.44103962,
          0,
          -0.041989982,
          0.44152337,
          0.8962667,
          0,
          -0.0054544806,
          0.12691355,
          0.25984335,
          1
        ]
      },
      {
        "date" : 754211252.978537,
        "title" : "Untitled",
        "transform" : [
          0.99890435,
          -7.3211304e-10,
          0.046798542,
          0,
          0.02066265,
          0.8972497,
          -0.44103962,
          0,
          -0.041989982,
          0.44152337,
          0.8962667,
          0,
          -0.14112367,
          3.901009,
          6.5212073,
          1
        ]
      },
      {
        "date" : 754211246.755732,
        "title" : "Untitled",
        "transform" : [
          0.9999997,
          0,
          -0.00073242193,
          0,
          -0.00051790045,
          0.7071068,
          -0.70710653,
          0,
          0.00051790057,
          0.70710677,
          0.7071067,
          0,
          0.0032800918,
          4.4784184,
          4.478418,
          1
        ]
      },
      {
        "date" : 754211242.69518,
        "title" : "Untitled",
        "transform" : [
          1,
          0,
          0,
          0,
          0,
          0.7071069,
          -0.70710677,
          0,
          0,
          0.70710677,
          0.7071069,
          0,
          0,
          17.350294,
          17.350298,
          1
        ]
      }
    ],
    "229A9523-9542-4C66-B562-4EEDE849ABB0" : [
      {
        "date" : 755163078.533019,
        "title" : "Untitled",
        "transform" : [
          0.9440018,
          3.0413734e-09,
          -0.32994008,
          0,
          -0.07733541,
          0.97214216,
          -0.22126676,
          0,
          0.32074863,
          0.23439226,
          0.9177039,
          0,
          0.053265046,
          0.08900943,
          0.17415574,
          1
        ]
      },
      {
        "date" : 755163008.682751,
        "title" : "Untitled",
        "transform" : [
          0.9352097,
          3.0089407e-09,
          -0.3540944,
          0,
          -0.11779891,
          0.943041,
          -0.31112236,
          0,
          0.3339255,
          0.33267653,
          0.881941,
          0,
          0.054158803,
          0.107170396,
          0.16331379,
          1
        ]
      },
      {
        "date" : 755163004.36669,
        "title" : "Untitled",
        "transform" : [
          0.9595727,
          3.8293972e-09,
          -0.28146094,
          0,
          -0.111354314,
          0.9184101,
          -0.3796355,
          0,
          0.25849655,
          0.3956297,
          0.8812812,
          0,
          0.039348993,
          0.118540026,
          0.15965582,
          1
        ]
      },
      {
        "date" : 755162528.365661,
        "title" : "Untitled",
        "transform" : [
          0.9300776,
          3.835167e-09,
          -0.36736304,
          0,
          -0.15138055,
          0.91115063,
          -0.3832603,
          0,
          0.33472306,
          0.4120734,
          0.8474408,
          0,
          0.052879956,
          0.1214736,
          0.15342078,
          1
        ]
      },
      {
        "date" : 755162334.66612,
        "title" : "Untitled",
        "transform" : [
          0.9300776,
          3.835167e-09,
          -0.36736304,
          0,
          -0.15138055,
          0.91115063,
          -0.3832603,
          0,
          0.33472306,
          0.4120734,
          0.8474408,
          0,
          0.07784461,
          0.17882136,
          0.2258508,
          1
        ]
      },
      {
        "date" : 755162330.140482,
        "title" : "Untitled",
        "transform" : [
          1,
          0,
          -0,
          0,
          -0,
          0.7071069,
          -0.7071067,
          0,
          0,
          0.7071067,
          0.7071069,
          0,
          4.7683716e-07,
          0.16558135,
          0.08389115,
          1
        ]
      }
    ],
    "25C36807-02FB-40AE-8F10-A63952F9AAB4" : [
      {
        "date" : 754352550.306726,
        "title" : "Untitled",
        "transform" : [
          0.07763416,
          -3.380278e-10,
          0.9969819,
          0,
          -0.22943638,
          0.97315973,
          0.017866023,
          0,
          -0.97022265,
          -0.23013094,
          0.07555044,
          0,
          -1.2586677,
          -0.45631975,
          0.10897373,
          1
        ]
      },
      {
        "date" : 754352545.01423,
        "title" : "Untitled",
        "transform" : [
          0.3462027,
          -1.4931645e-08,
          0.9381597,
          0,
          0.04995436,
          0.99858135,
          -0.018434308,
          0,
          -0.9368288,
          0.053247195,
          0.3457115,
          0,
          -1.2586677,
          -0.45631975,
          0.10897373,
          1
        ]
      },
      {
        "date" : 754352540.106645,
        "title" : "Untitled",
        "transform" : [
          0.60103005,
          -1.3451995e-08,
          0.7992264,
          0,
          -0.23306808,
          0.95653504,
          0.17527066,
          0,
          -0.76448816,
          -0.29161713,
          0.5749063,
          0,
          -0.9528449,
          -0.81018144,
          0.2738243,
          1
        ]
      },
      {
        "date" : 754262662.309852,
        "title" : "Untitled",
        "transform" : [
          0.99865896,
          4.1391672e-09,
          0.051770303,
          0,
          0.025692549,
          0.86816275,
          -0.4956142,
          0,
          -0.04494505,
          0.49627963,
          0.8669985,
          0,
          -0.043382112,
          0.48183534,
          0.83880895,
          1
        ]
      },
      {
        "date" : 754254965.638664,
        "title" : "Untitled",
        "transform" : [
          0.99865896,
          4.1391672e-09,
          0.051770303,
          0,
          0.025692549,
          0.86816275,
          -0.4956142,
          0,
          -0.04494505,
          0.49627963,
          0.8669985,
          0,
          -0.1381921,
          1.5348687,
          2.6719947,
          1
        ]
      },
      {
        "date" : 754003369.460466,
        "title" : "Untitled",
        "transform" : [
          0.9986591,
          3.0245497e-09,
          0.0517703,
          0,
          0.025680719,
          0.8682932,
          -0.49538603,
          0,
          -0.044951808,
          0.49605122,
          0.8671289,
          0,
          -0.13522491,
          1.5012528,
          2.6147432,
          1
        ]
      },
      {
        "date" : 753990114.576168,
        "title" : "Untitled",
        "transform" : [
          0.9986591,
          -4.760932e-10,
          0.0517703,
          0,
          0.02200609,
          0.90515965,
          -0.42450184,
          0,
          -0.04686038,
          0.4250719,
          0.9039458,
          0,
          -0.12119499,
          1.0993633,
          2.337875,
          1
        ]
      }
    ],
    "27EC1142-7EFD-4199-B05B-0A02B9BD5594" : [
      {
        "date" : 755164192.165513,
        "title" : "Untitled",
        "transform" : [
          -0.9719476,
          7.466381e-10,
          -0.23519734,
          0,
          -0.08686345,
          0.9293017,
          0.35896122,
          0,
          0.21856931,
          0.36932158,
          -0.90323263,
          0,
          0.34250626,
          0.6795683,
          -1.4168359,
          1
        ]
      }
    ],
    "2B8A7B8A-B0B5-43FA-97F7-177747415A9E" : [
      {
        "date" : 755430050.862054,
        "title" : "Untitled",
        "transform" : [
          0.9837363,
          -2.045656e-09,
          0.17961872,
          0,
          0.079948604,
          0.89548004,
          -0.43786272,
          0,
          -0.16084497,
          0.44510174,
          0.88091624,
          0,
          -0.5743904,
          1.0452449,
          2.3029113,
          1
        ]
      }
    ],
    "3B5A01E3-A014-48CE-B941-067CFD3D66B9" : [
      {
        "date" : 754265494.413426,
        "title" : "Untitled",
        "transform" : [
          1,
          0,
          0,
          0,
          0,
          0.7071069,
          -0.70710677,
          0,
          0,
          0.70710677,
          0.7071069,
          0,
          0,
          70.710686,
          70.710686,
          1
        ]
      }
    ],
    "3C484B2E-DEF0-4302-B76F-681C274D34A5" : [
      {
        "date" : 755773309.755319,
        "title" : "Untitled",
        "transform" : [
          -0.9620049,
          3.539365e-08,
          -0.27303228,
          0,
          -0.10477027,
          0.9234458,
          0.36914885,
          0,
          0.25213057,
          0.38372865,
          -0.8883594,
          0,
          0.89503247,
          1.368977,
          -3.2410743,
          1
        ]
      },
      {
        "date" : 755773306.605202,
        "title" : "Untitled",
        "transform" : [
          -0.96139,
          3.539365e-08,
          -0.2751894,
          0,
          -0.10559802,
          0.9234458,
          0.3689129,
          0,
          0.25412256,
          0.38372865,
          -0.88779163,
          0,
          3.9228888,
          5.940197,
          -13.926554,
          1
        ]
      },
      {
        "date" : 755772981.197281,
        "title" : "Untitled",
        "transform" : [
          -0.96139,
          3.539365e-08,
          -0.2751894,
          0,
          -0.10559802,
          0.9234458,
          0.3689129,
          0,
          0.25412256,
          0.38372865,
          -0.88779163,
          0,
          0.33139223,
          0.5169938,
          -1.3794514,
          1
        ]
      },
      {
        "date" : 755772967.685893,
        "title" : "Untitled",
        "transform" : [
          -0.91571134,
          3.539365e-08,
          -0.40183678,
          0,
          -0.15419625,
          0.9234458,
          0.35138467,
          0,
          0.37107456,
          0.38372865,
          -0.8456098,
          0,
          0.51368755,
          0.5169938,
          -1.3224342,
          1
        ]
      },
      {
        "date" : 755772942.913538,
        "title" : "Untitled",
        "transform" : [
          -0.9360816,
          3.539365e-08,
          -0.351783,
          0,
          -0.13498917,
          0.9234458,
          0.3592013,
          0,
          0.32485262,
          0.38372865,
          -0.8644206,
          0,
          0.44149908,
          0.5169938,
          -1.3482479,
          1
        ]
      },
      {
        "date" : 755770740.999847,
        "title" : "Untitled",
        "transform" : [
          -0.9360816,
          3.539365e-08,
          -0.351783,
          0,
          -0.13498917,
          0.9234458,
          0.3592013,
          0,
          0.32485262,
          0.38372865,
          -0.8644206,
          0,
          0.437318,
          0.51209676,
          -1.3354771,
          1
        ]
      },
      {
        "date" : 755711909.430379,
        "title" : "Untitled",
        "transform" : [
          -0.9360816,
          3.539365e-08,
          -0.351783,
          0,
          -0.13498917,
          0.9234458,
          0.3592013,
          0,
          0.32485262,
          0.38372865,
          -0.8644206,
          0,
          0.886128,
          0.39810377,
          -1.2174158,
          1
        ]
      },
      {
        "date" : 755710528.537255,
        "title" : "Untitled",
        "transform" : [
          -0.8285413,
          3.4061543e-08,
          -0.55992806,
          0,
          -0.24285674,
          0.90104353,
          0.35936198,
          0,
          0.5045196,
          0.43372852,
          -0.7465517,
          0,
          1.1316385,
          0.4769933,
          -0.95795745,
          1
        ]
      },
      {
        "date" : 755710515.338802,
        "title" : "Untitled",
        "transform" : [
          -0.8285413,
          3.4061543e-08,
          -0.55992806,
          0,
          -0.24285674,
          0.90104353,
          0.35936198,
          0,
          0.5045196,
          0.43372852,
          -0.7465517,
          0,
          1.8538969,
          0.7814546,
          -1.5694172,
          1
        ]
      },
      {
        "date" : 755710505.815383,
        "title" : "Untitled",
        "transform" : [
          -0.6823132,
          2.7145607e-08,
          -0.73105997,
          0,
          -0.20270433,
          0.96079063,
          0.18918812,
          0,
          0.7023956,
          0.27727458,
          -0.65556014,
          0,
          2.2293267,
          0.38026178,
          -1.1816301,
          1
        ]
      }
    ],
    "3CD69C7C-DB10-4FEF-95BD-BEF05412DB44" : [
      {
        "date" : 755798645.830164,
        "title" : "Untitled",
        "transform" : [
          0.949917,
          -6.198409e-09,
          -0.31250235,
          0,
          -0.30056995,
          0.27369493,
          -0.9136459,
          0,
          0.08553034,
          0.9618165,
          0.25998762,
          0,
          -0.02708496,
          0.1916589,
          0.045904662,
          1
        ]
      },
      {
        "date" : 755798641.240005,
        "title" : "Untitled",
        "transform" : [
          0.9662102,
          -6.1058794e-09,
          -0.25775543,
          0,
          -0.24913606,
          0.25644076,
          -0.9339001,
          0,
          0.066099025,
          0.9665599,
          0.24777582,
          0,
          -0.030646496,
          0.19228946,
          0.040993597,
          1
        ]
      },
      {
        "date" : 755798629.905615,
        "title" : "Untitled",
        "transform" : [
          0.9666015,
          -7.2949575e-09,
          -0.256284,
          0,
          -0.23250723,
          0.4206459,
          -0.8769252,
          0,
          0.10780482,
          0.90722495,
          0.4065971,
          0,
          -0.015450947,
          0.111093566,
          0.047420993,
          1
        ]
      },
      {
        "date" : 755798626.872508,
        "title" : "Untitled",
        "transform" : [
          0.9154089,
          -4.793737e-09,
          -0.40252507,
          0,
          -0.30827516,
          0.64301544,
          -0.701069,
          0,
          0.25882986,
          0.7658532,
          0.5886222,
          0,
          0.004606643,
          0.095378466,
          0.07699487,
          1
        ]
      },
      {
        "date" : 755798569.766915,
        "title" : "Untitled",
        "transform" : [
          0.838678,
          -3.5879957e-09,
          -0.54462785,
          0,
          -0.53316444,
          0.2040913,
          -0.8210253,
          0,
          0.11115386,
          0.9789519,
          0.17116699,
          0,
          -0.0160352,
          0.11771378,
          0.02367774,
          1
        ]
      },
      {
        "date" : 755798542.139765,
        "title" : "Untitled",
        "transform" : [
          0.98240787,
          -4.978009e-10,
          -0.18674818,
          0,
          -0.14157742,
          0.65211594,
          -0.7447823,
          0,
          0.12178147,
          0.7581193,
          0.6406439,
          0,
          -0.009515425,
          0.09747408,
          0.08051469,
          1
        ]
      },
      {
        "date" : 755710134.153915,
        "title" : "Untitled",
        "transform" : [
          0.9990741,
          3.2729899e-09,
          0.04302314,
          0,
          0.042414557,
          0.16760248,
          -0.98494196,
          0,
          -0.0072107953,
          0.9858547,
          0.16744731,
          0,
          -0.024968348,
          0.122104645,
          0.008630916,
          1
        ]
      },
      {
        "date" : 755710132.309464,
        "title" : "Untitled",
        "transform" : [
          0.99827164,
          3.3962975e-09,
          0.058768027,
          0,
          0.05745178,
          0.21045871,
          -0.97591317,
          0,
          -0.012368253,
          0.9776028,
          0.21009499,
          0,
          -0.025257204,
          0.122088134,
          0.014181623,
          1
        ]
      },
      {
