{
  "advancedEditorSelectedIdentifier" : "ProjectBrowser",
  "openSceneRelativePaths" : [
    "Immersive.usda",
    "Assets\/cancerCell_complex.usd",
    "ADC-spawn.usda",
    "Assets\/ADC.usda",
    "Untitled Scene.usda"
  ],
  "recentIdentifiers" : {
    "1D572CEB-057A-41C3-B575-04C37501A3C0" : [

    ],
    "220C04E5-242E-4BBB-82A0-77AFE2744F74" : [

    ],
    "25C36807-02FB-40AE-8F10-A63952F9AAB4" : [

    ],
    "3CD69C7C-DB10-4FEF-95BD-BEF05412DB44" : [

    ],
    "E2AD027D-0D91-4F9B-B113-E36E1C293338" : [

    ]
  },
  "sceneCameraHistory" : {
    "1D572CEB-057A-41C3-B575-04C37501A3C0" : [
      {
        "date" : 754181921.961102,
        "title" : "Untitled",
        "transform" : [
          0.99585485,
          1.9954836e-09,
          0.09095718,
          0,
          0.025255002,
          0.96068,
          -0.27650708,
          0,
          -0.08738075,
          0.27765805,
          0.95669776,
          0,
          0.32849646,
          2.0215478,
          1.4880128,
          1
        ]
      },
      {
        "date" : 754181917.010544,
        "title" : "Untitled",
        "transform" : [
          0.99585485,
          1.9954836e-09,
          0.09095718,
          0,
          0.025255002,
          0.96068,
          -0.27650708,
          0,
          -0.08738075,
          0.27765805,
          0.95669776,
          0,
          0.7778249,
          1.7528127,
          1.6070464,
          1
        ]
      },
      {
        "date" : 754181912.244242,
        "title" : "Untitled",
        "transform" : [
          0.9395801,
          1.6762207e-09,
          0.34232908,
          0,
          0.1194952,
          0.93709844,
          -0.32797477,
          0,
          -0.32079607,
          0.3490653,
          0.8804791,
          0,
          -0.59682405,
          2.153633,
          1.4671137,
          1
        ]
      },
      {
        "date" : 754181894.736458,
        "title" : "Untitled",
        "transform" : [
          0.99891615,
          5.545696e-10,
          0.04654588,
          0,
          0.013437841,
          0.95741934,
          -0.28838807,
          0,
          -0.044563923,
          0.288701,
          0.9563817,
          0,
          0.40790898,
          1.9365734,
          1.6829755,
          1
        ]
      },
      {
        "date" : 754000231.605645,
        "title" : "Untitled",
        "transform" : [
          0.99891615,
          5.545696e-10,
          0.04654588,
          0,
          0.013437841,
          0.95741934,
          -0.28838807,
          0,
          -0.044563923,
          0.288701,
          0.9563817,
          0,
          -0.17308909,
          1.8135018,
          -0.41950083,
          1
        ]
      },
      {
        "date" : 754000228.969316,
        "title" : "Untitled",
        "transform" : [
          0.99891615,
          1.0202309e-09,
          0.04654588,
          0,
          0.01343784,
          0.95741934,
          -0.28838807,
          0,
          -0.044563923,
          0.288701,
          0.9563817,
          0,
          -0.51024634,
          1.5478224,
          -1.5475029,
          1
        ]
      },
      {
        "date" : 753991286.750792,
        "title" : "Untitled",
        "transform" : [
          0.99891615,
          2.745367e-09,
          0.046545886,
          0,
          0.013437844,
          0.95741934,
          -0.2883881,
          0,
          -0.044563916,
          0.28870106,
          0.9563816,
          0,
          0.37164867,
          2.304093,
          1.1674486,
          1
        ]
      },
      {
        "date" : 753991282.952562,
        "title" : "Untitled",
        "transform" : [
          0.99891615,
          2.745367e-09,
          0.046545886,
          0,
          0.013437844,
          0.95741934,
          -0.2883881,
          0,
          -0.044563916,
          0.28870106,
          0.9563816,
          0,
          -1.0694045,
          11.331973,
          31.115986,
          1
        ]
      },
      {
        "date" : 753991281.001581,
        "title" : "Untitled",
        "transform" : [
          0.99672586,
          3.480011e-09,
          0.08085268,
          0,
          -0.06763591,
          0.5479173,
          0.83379364,
          0,
          -0.04430058,
          -0.83653235,
          0.54612345,
          0,
          -1.0591943,
          -27.034817,
          17.108236,
          1
        ]
      },
      {
        "date" : 753991279.132342,
        "title" : "Untitled",
        "transform" : [
          0.9937133,
          4.6508175e-09,
          0.11195445,
          0,
          0.04036545,
          0.93273896,
          -0.35828578,
          0,
          -0.104424275,
          0.36055246,
          0.9268751,
          0,
          -5.359513,
          21.431496,
          49.790924,
          1
        ]
      }
    ],
    "220C04E5-242E-4BBB-82A0-77AFE2744F74" : [
      {
        "date" : 754211252.978537,
        "title" : "Untitled",
        "transform" : [
          0.99890435,
          -7.3211304e-10,
          0.046798542,
          0,
          0.02066265,
          0.8972497,
          -0.44103962,
          0,
          -0.041989982,
          0.44152337,
          0.8962667,
          0,
          -0.14112367,
          3.901009,
          6.5212073,
          1
        ]
      },
      {
        "date" : 754211246.755732,
        "title" : "Untitled",
        "transform" : [
          0.9999997,
          0,
          -0.00073242193,
          0,
          -0.00051790045,
          0.7071068,
          -0.70710653,
          0,
          0.00051790057,
          0.70710677,
          0.7071067,
          0,
          0.0032800918,
          4.4784184,
          4.478418,
          1
        ]
      },
      {
        "date" : 754211242.69518,
        "title" : "Untitled",
        "transform" : [
          1,
          0,
          0,
          0,
          0,
          0.7071069,
          -0.70710677,
          0,
          0,
          0.70710677,
          0.7071069,
          0,
          0,
          17.350294,
          17.350298,
          1
        ]
      }
    ],
    "25C36807-02FB-40AE-8F10-A63952F9AAB4" : [
      {
        "date" : 754003369.460466,
        "title" : "Untitled",
        "transform" : [
          0.9986591,
          3.0245497e-09,
          0.0517703,
          0,
          0.025680719,
          0.8682932,
          -0.49538603,
          0,
          -0.044951808,
          0.49605122,
          0.8671289,
          0,
          -0.13522491,
          1.5012528,
          2.6147432,
          1
        ]
      },
      {
        "date" : 753990114.576168,
        "title" : "Untitled",
        "transform" : [
          0.9986591,
          -4.760932e-10,
          0.0517703,
          0,
          0.02200609,
          0.90515965,
          -0.42450184,
          0,
          -0.04686038,
          0.4250719,
          0.9039458,
          0,
          -0.12119499,
          1.0993633,
          2.337875,
          1
        ]
      }
    ],
    "7E5548F0-FD98-43E0-BBE8-B93E37A1BFCE" : [
      {
        "date" : 753988899.173749,
        "title" : "Untitled",
        "transform" : [
          0.62445736,
          -2.161402e-08,
          0.7810589,
          0,
          0.19946678,
          0.9668407,
          -0.1594739,
          0,
          -0.75515956,
          0.25538,
          0.6037508,
          0,
          -0.87481236,
          0.50555474,
          0.69471514,
          1
        ]
      },
      {
        "date" : 753988845.074494,
        "title" : "Untitled",
        "transform" : [
          0.999998,
          0,
          -0.0020141585,
          0,
          -0.001424225,
          0.7071069,
          -0.7071053,
          0,
          0.0014242254,
          0.7071067,
          0.70710546,
          0,
          -0.19822145,
          1.0263969,
          0.9047041,
          1
        ]
      },
      {
        "date" : 753988840.273015,
        "title" : "Untitled",
        "transform" : [
          1,
          0,
          0,
          0,
          0,
          0.7071069,
          -0.7071067,
          0,
          0,
          0.7071067,
          0.7071069,
          0,
          -0.20028877,
          18.226917,
          18.10516,
          1
        ]
      },
      {
        "date" : 753988838.723119,
        "title" : "Untitled",
        "transform" : [
          1,
          0,
          0,
          0,
          0,
          0.7071069,
          -0.7071067,
          0,
          0,
          0.7071067,
          0.7071069,
          0,
          -0.20028877,
          34.345844,
          34.224087,
          1
        ]
      },
      {
        "date" : 753988835.255663,
        "title" : "Untitled",
        "transform" : [
          1,
          0,
          -0,
          0,
          -0,
          0.7071069,
          -0.7071067,
          0,
          0,
          0.7071067,
          0.7071069,
          0,
          -0.20028445,
          0.14852881,
          0.026759386,
          1
        ]
      },
      {
        "date" : 753988813.057548,
        "title" : "Untitled",
        "transform" : [
          1,
          0,
          0,
          0,
          0,
          0.7071069,
          -0.7071067,
          0,
          0,
          0.7071067,
          0.7071069,
          0,
          -0.2002846,
          0.78974944,
          0.6679803,
          1
        ]
      },
      {
        "date" : 753988810.962411,
        "title" : "Untitled",
        "transform" : [
          1,
          0,
          -0,
          0,
          -0,
          0.7071069,
          -0.7071067,
          0,
          0,
          0.7071067,
          0.7071069,
          0,
          -0.2002846,
          0.14852834,
          0.026759028,
          1
        ]
      }
    ],
    "E2AD027D-0D91-4F9B-B113-E36E1C293338" : [
      {
        "date" : 754003725.8163,
        "title" : "Untitled",
        "transform" : [
          1,
          0,
          0,
          0,
          0,
          0.7071069,
          -0.70710677,
          0,
          0,
          0.70710677,
          0.7071069,
          0,
          0,
          2.2650237,
          2.2650242,
          1
        ]
      }
    ]
  },
  "sceneViewportBackgroundColors" : {

  },
  "selectedSceneRelativePath" : "CancerCell-spawn.usda"
}